0 0.2233632862644416 0.11976190476190476 0.025673940949935817 0.03751082251082251
0 0.19939666238767653 0.1508008658008658 0.02910141206675225 0.047619047619047616
0 0.2233632862644416 0.3737445887445887 0.02224646983311938 0.04041125541125541
0 0.1985494223363286 0.40331168831168834 0.03594351732991014 0.04474025974025975
0 0.22250320924261877 0.6298701298701299 0.027381258023106543 0.03896103896103896
0 0.20025673940949937 0.6601731601731602 0.02910141206675225 0.03896103896103896
0 0.4933632862644416 0.049069264069264075 0.029948652118100126 0.05482683982683982
0 0.6461232349165597 0.049783549783549784 0.03080872913992298 0.05049783549783549
0 0.7997432605905006 0.049783549783549784 0.028241335044929396 0.0533982683982684
0 0.9490757381258024 0.05049783549783549 0.03080872913992298 0.05772727272727273
0 0.5019255455712451 0.42062770562770563 0.023106546854942234 0.047619047619047616
0 0.6521181001283697 0.42062770562770563 0.025673940949935817 0.0533982683982684
0 0.8048780487804879 0.4191991341991342 0.023106546854942234 0.06493506493506493
0 0.9563543003851092 0.42495670995671 0.024813863928112963 0.0533982683982684
2 0.31949935815147623 0.6439393939393939 0.042785622593068035 0.03967532467532467
3 0.3458793324775353 0.12746753246753248 0.029948652118100126 0.05049783549783549
3 0.34623876765083444 0.496038961038961 0.029242618741976895 0.05651515151515151
4 0.42183568677792044 0.12865800865800867 0.03636713735558408 0.05772727272727273
4 0.420770218228498 0.49844155844155846 0.03708600770218229 0.06132034632034632
16 0.6721566110397946 0.12926406926406925 0.033517329910141204 0.05411255411255411
16 0.6696662387676507 0.5008441558441559 0.035661103979460845 0.06614718614718615
24 0.5634017971758665 0.12567099567099568 0.03423620025673941 0.05651515151515151
24 0.5623363286264441 0.49662337662337663 0.03636713735558408 0.06733766233766234
23 0.749178433889602 0.13047619047619047 0.05062901155327342 0.05651515151515151
1 0.8283440308087291 0.12445887445887446 0.044929396662387676 0.05651515151515151
1 0.8287034659820282 0.49662337662337663 0.05562259306803594 0.06253246753246754
21 0.968831835686778 0.12625541125541126 0.03779204107830552 0.04088744588744589