0 0.10718424101969873 0.04474832214765101 0.02511008111239861 0.04194630872483222
0 0.24333719582850522 0.04055369127516779 0.028968713789107765 0.04194630872483222
0 0.37949015063731173 0.044043624161073824 0.030903823870220164 0.051728187919463084
15 0.23078794901506372 0.5159395973154363 0.05793742757821553 0.053137583892617454
15 0.3896292004634994 0.515234899328859 0.05310544611819235 0.04614093959731544
15 0.5460602549246814 0.515234899328859 0.06469293163383545 0.05733221476510068
15 0.7068366164542295 0.5243288590604027 0.05987253765932793 0.06431208053691274
15 0.8482966396292005 0.4949664429530201 0.033800695249130944 0.06991610738255034
15 0.849745075318656 0.2628691275167785 0.04055619930475087 0.07550335570469799
15 0.8492699884125144 0.02936241610738255 0.03765932792584009 0.0587248322147651
17 0.9699652375434531 0.40758389261744965 0.033800695249130944 0.06291946308724833
21 0.4799188876013905 0.09786912751677852 0.04828505214368482 0.036359060402684565
34 0.4784704519119351 0.14541946308724832 0.024136732329084587 0.055922818791946306
22 0.02848203939745075 0.38729865771812083 0.03959443800695249 0.04753355704697986
25 0.08111239860950174 0.48587248322147647 0.04249130938586327 0.04614093959731544
28 0.04296639629200463 0.43553691275167783 0.051181923522595596 0.051728187919463084
8 0.08015063731170337 0.3852013422818792 0.046349942062572425 0.04894295302013423