0 0.19295958279009126 0.08273381294964029 0.03911342894393742 0.03597122302158273
0 0.4973924380704042 0.05467625899280575 0.02998696219035202 0.034532374100719423
0 0.651238591916558 0.0539568345323741 0.03259452411994785 0.033093525179856115
0 0.8063885267275098 0.05467625899280575 0.03259452411994785 0.04316546762589928
0 0.9634941329856584 0.05683453237410072 0.03389830508474576 0.041726618705035974
0 0.953715775749674 0.29784172661870506 0.03780964797913951 0.04028776978417266
0 0.7998696219035202 0.2949640287769784 0.03780964797913951 0.051798561151079135
0 0.6485267275097784 0.29856115107913667 0.02216427640156454 0.03597122302158273
0 0.4921773142112125 0.2992805755395683 0.04041720990873533 0.03741007194244604
0 0.9863102998696219 0.5467625899280576 0.027379400260756193 0.04316546762589928
0 0.9882659713168188 0.797841726618705 0.02346805736636245 0.03597122302158273
0 0.8376792698826597 0.5467625899280576 0.03259452411994785 0.04028776978417266
0 0.8389830508474576 0.7964028776978417 0.02998696219035202 0.03884892086330935
0 0.6851368970013038 0.7913669064748201 0.027379400260756193 0.04028776978417266
0 0.6831812255541069 0.5467625899280576 0.03389830508474576 0.03741007194244604
0 0.21707953063885269 0.24028776978417266 0.02998696219035202 0.02302158273381295
0 0.19230769230769232 0.258273381294964 0.027379400260756193 0.027338129496402876
0 0.2196870925684485 0.41007194244604317 0.03780964797913951 0.034532374100719423
0 0.19426336375488917 0.42589928057553955 0.03911342894393742 0.034532374100719423
0 0.21773142112125163 0.576978417266187 0.03911342894393742 0.025899280575539568
0 0.1922555410691004 0.5956834532374101 0.027483702737940024 0.031654676258992806
0 0.529986962190352 0.7913669064748201 0.03780964797913951 0.0460431654676259
0 0.5286831812255541 0.5453237410071943 0.03259452411994785 0.04316546762589928
0 0.215619295958279 0.7465467625899281 0.02607561929595828 0.025453237410071945
0 0.1930638852672751 0.7653525179856114 0.025071707953063887 0.023237410071942445
0 0.215619295958279 0.9169928057553957 0.02607561929595828 0.02766906474820144
0 0.1930638852672751 0.9363597122302157 0.02908735332464146 0.026561151079136692
23 0.7441590612777054 0.35306474820143885 0.0461277705345502 0.035424460431654675
3 0.3419947848761408 0.10515107913669064 0.03409387222946545 0.04205755395683453
3 0.339986962190352 0.34975539568345326 0.03610169491525424 0.046489208633093526
3 0.3404823989569752 0.5960143884892086 0.033089960886571054 0.03651798561151079
3 0.3419947848761408 0.8439424460431654 0.030091264667535852 0.03651798561151079
4 0.41971316818774446 0.1040431654676259 0.03509778357235985 0.044273381294964026
4 0.41821382007822683 0.35362589928057553 0.03610169491525424 0.04316546762589928
4 0.41671447196870925 0.5976690647482015 0.03911342894393742 0.044273381294964026
4 0.41870925684485005 0.8472661870503597 0.03509778357235985 0.045381294964028776
5 0.4954367666232073 0.5976690647482015 0.03409387222946545 0.03762589928057554
5 0.4939374185136897 0.8450503597122302 0.03509778357235985 0.04316546762589928
16 0.6574054758800522 0.10625899280575539 0.033089960886571054 0.03762589928057554
16 0.6579139504563234 0.35251798561151076 0.03610169491525424 0.04094964028776978
16 0.6729465449804433 0.6009928057553957 0.0421251629726206 0.05090647482014389
16 0.67245110821382 0.8489208633093526 0.041121251629726206 0.044273381294964026
24 0.560625814863103 0.35141007194244606 0.04011734028683181 0.045381294964028776
1 0.8329204693611474 0.35141007194244606 0.05114732724902216 0.03651798561151079
21 0.9738200782268578 0.35197122302158274 0.03810951760104302 0.024345323741007195
21 0.8981095176010431 0.8439424460431654 0.06117340286831813 0.03431654676258993
33 0.8991134289439374 0.8832374100719425 0.03911342894393742 0.035424460431654675