40 0.2657333333333333 0.11601783060921247 0.033563636363636365 0.03315007429420505
32 0.30303030303030304 0.11658246656760772 0.031696969696969696 0.036582466567607726
22 0.026109090909090908 0.34060921248142645 0.033563636363636365 0.036582466567607726
28 0.04055757575757576 0.38347696879643384 0.04941818181818182 0.03771173848439822
8 0.08484848484848485 0.33946508172362555 0.04475151515151515 0.03885586924219911
7 0.08578181818181818 0.5972065378900446 0.048484848484848485 0.042288261515601784
21 0.1435878787878788 0.5972065378900446 0.04288484848484849 0.030861812778603268
21 0.5044242424242424 0.5949182763744428 0.04661818181818182 0.03771173848439822
25 0.08578181818181818 0.42919762258543837 0.04288484848484849 0.028573551263001488
25 0.0853090909090909 0.6840713224368499 0.04568484848484848 0.030861812778603268
27 0.16176969696969698 0.6406389301634472 0.05873939393939394 0.042288261515601784
34 0.5044242424242424 0.6366419019316493 0.022375757575757577 0.04572065378900446
15 0.23967272727272726 0.4565676077265973 0.06721212121212121 0.05402674591381872
15 0.40606060606060607 0.45791976225854386 0.08043636363636364 0.051337295690936105
15 0.5807151515151515 0.4612927191679049 0.06170909090909091 0.0661961367013373
15 0.7526181818181817 0.45049034175334324 0.09476363636363637 0.05808320950965825
15 0.8881575757575758 0.6071916790490341 0.04627878787878788 0.08239227340267459
15 0.8892606060606061 0.8253343239227341 0.03526060606060606 0.0837444279346211
15 0.7460000000000001 0.7348439821693908 0.07052121212121212 0.04322436849925706
15 0.5708000000000001 0.7307875185735513 0.07272727272727272 0.05402674591381872
15 0.4121212121212121 0.7267310549777117 0.06612121212121212 0.05943536404160475
15 0.24077575757575756 0.7267310549777117 0.05619393939393939 0.05943536404160475
0 0.11404848484848486 0.544368499257058 0.027551515151515153 0.04322436849925706
0 0.2561939393939394 0.5484249628528974 0.03195151515151515 0.05402674591381872
0 0.4 0.5450520059435364 0.03746666666666667 0.04187221396731055