0 0.19281045751633988 0.21875 0.030065359477124184 0.027616279069767442
0 0.4888888888888889 0.047238372093023256 0.036601307189542485 0.04505813953488372
0 0.6385620915032679 0.04505813953488372 0.040522875816993466 0.0377906976744186
0 0.7980392156862746 0.04869186046511628 0.027450980392156862 0.03924418604651163
0 0.19411764705882353 0.38880813953488375 0.03790849673202614 0.036337209302325583
0 0.5006535947712418 0.29651162790697677 0.03137254901960784 0.0377906976744186
0 0.6529411764705882 0.29723837209302323 0.03790849673202614 0.04215116279069767
0 0.8117647058823529 0.3008720930232558 0.036601307189542485 0.0436046511627907
0 0.961437908496732 0.29651162790697677 0.03529411764705882 0.040697674418604654
0 0.19411764705882353 0.5574127906976745 0.03529411764705882 0.03924418604651163
0 0.4934640522875817 0.5436046511627907 0.03529411764705882 0.0436046511627907
0 0.6457516339869281 0.5421511627906976 0.02875816993464052 0.0436046511627907
0 0.8019607843137255 0.5465116279069767 0.032679738562091505 0.046511627906976744
0 0.9562091503267974 0.5479651162790697 0.030065359477124184 0.046511627906976744
0 0.1934640522875817 0.7303779069767442 0.0392156862745098 0.03343023255813953
0 0.19281045751633988 0.903343023255814 0.040522875816993466 0.036337209302325583
0 0.4869281045751634 0.7928779069767442 0.02483660130718954 0.04796511627906977
0 0.6431372549019608 0.7972383720930233 0.03137254901960784 0.04505813953488372
0 0.7947712418300653 0.7986918604651163 0.026143790849673203 0.04505813953488372
3 0.34248366013071896 0.09811046511627906 0.03137254901960784 0.04215116279069767
3 0.3411764705882353 0.3481104651162791 0.02875816993464052 0.036337209302325583
3 0.3411764705882353 0.5973837209302325 0.03137254901960784 0.040697674418604654
3 0.3411764705882353 0.8459302325581395 0.03398692810457516 0.0436046511627907
4 0.4176470588235294 0.10174418604651163 0.032679738562091505 0.046511627906976744
4 0.4176470588235294 0.3488372093023256 0.032679738562091505 0.0436046511627907
4 0.4189542483660131 0.5959302325581395 0.03529411764705882 0.040697674418604654
4 0.4196078431372549 0.846656976744186 0.036601307189542485 0.04215116279069767
5 0.49673202614379086 0.1002906976744186 0.03137254901960784 0.040697674418604654
5 0.49607843137254903 0.3481104651162791 0.032679738562091505 0.036337209302325583
5 0.4947712418300654 0.5981104651162791 0.040522875816993466 0.04215116279069767
16 0.6588235294117647 0.09956395348837209 0.03398692810457516 0.04215116279069767
16 0.673202614379085 0.35101744186046513 0.036601307189542485 0.04215116279069767
16 0.6601307189542484 0.5959302325581395 0.0392156862745098 0.040697674418604654
16 0.661437908496732 0.8481104651162791 0.0392156862745098 0.04215116279069767
24 0.562640522875817 0.8484738372093024 0.04030065359477124 0.03997093023255814
21 0.9003267973856209 0.09690406976744187 0.05555555555555555 0.0436046511627907
21 0.9019607843137255 0.34822674418604654 0.05447058823529412 0.03997093023255814
21 0.900875816993464 0.8472674418604651 0.05228758169934641 0.035130813953488375
33 0.900875816993464 0.1380813953488372 0.03703267973856209 0.036337209302325583
33 0.9041437908496731 0.3900145348837209 0.0457516339869281 0.03876453488372093
33 0.9003267973856209 0.8902616279069767 0.03594771241830065 0.03876453488372093
1 0.8322483660130718 0.8436337209302325 0.0457516339869281 0.04239825581395349