0 0.06035502958579882 0.7418032786885246 0.03076923076923077 0.040983606557377046
0 0.1952662721893491 0.7411202185792349 0.028402366863905324 0.03415300546448088
0 0.33550295857988166 0.7404371584699454 0.029585798816568046 0.03551912568306011
15 0.17928994082840236 0.6775956284153005 0.05798816568047337 0.03551912568306011
15 0.3485207100591716 0.6796448087431693 0.0650887573964497 0.03415300546448088
15 0.5035502958579882 0.6755464480874317 0.07928994082840236 0.04234972677595628
15 0.6751479289940828 0.6762295081967213 0.06982248520710059 0.040983606557377046
15 0.1757396449704142 0.894808743169399 0.05798816568047337 0.04644808743169399
15 0.34201183431952664 0.8934426229508197 0.06153846153846154 0.04918032786885246
15 0.5047337278106508 0.8941256830601093 0.07455621301775148 0.056010928961748634
15 0.6710059171597633 0.89275956284153 0.06627218934911243 0.056010928961748634
15 0.8124260355029586 0.8237704918032787 0.036686390532544376 0.07650273224043716
15 0.8130177514792899 0.639344262295082 0.033136094674556214 0.060109289617486336
15 0.8136094674556213 0.4487704918032787 0.04142011834319527 0.06420765027322405
15 0.814792899408284 0.25614754098360654 0.03905325443786982 0.06420765027322405
15 0.8165680473372781 0.0703551912568306 0.04497041420118343 0.06147540983606557
7 0.027218934911242602 0.5519125683060109 0.04970414201183432 0.040983606557377046
21 0.0863905325443787 0.5539617486338798 0.05207100591715976 0.036885245901639344
27 0.10295857988165681 0.5942622950819673 0.05917159763313609 0.040983606557377046
25 0.029585798816568046 0.6352459016393442 0.047337278106508875 0.02459016393442623
25 0.026627218934911243 0.8688524590163934 0.04378698224852071 0.03278688524590164
21 0.43609467455621304 0.7882513661202186 0.0485207100591716 0.03551912568306011
34 0.43846153846153846 0.8237704918032787 0.029585798816568046 0.040983606557377046
8 0.028402366863905324 0.7868852459016393 0.054437869822485205 0.04644808743169399
17 0.9378698224852071 0.8046448087431693 0.036686390532544376 0.04644808743169399