21 0.02270081490104773 0.08686131386861314 0.03841676367869616 0.033576642335766425
21 0.46041909196740394 0.08102189781021898 0.05471478463329453 0.042335766423357665
21 0.023282887077997673 0.5854014598540146 0.03958090803259604 0.029197080291970802
21 0.17054714784633296 0.5883211678832116 0.05238649592549476 0.032116788321167884
21 0.5151338766006985 0.5868613138686132 0.050058207217694994 0.035036496350364967
38 0.4615832363213038 0.12262773722627737 0.04074505238649592 0.035036496350364967
28 0.07159487776484284 0.3759124087591241 0.0570430733410943 0.03941605839416058
25 0.11350407450523865 0.4248175182481752 0.04074505238649592 0.035036496350364967
25 0.11466821885913853 0.6737226277372262 0.04540162980209546 0.03941605839416058
22 0.057625145518044235 0.3386861313868613 0.04307334109429569 0.03795620437956204
8 0.11583236321303841 0.335036496350365 0.0570430733410943 0.051094890510948905
7 0.1140861466821886 0.5868613138686132 0.046565774155995346 0.04671532846715328
40 0.3410942956926659 0.8686131386861314 0.025611175785797437 0.03795620437956204
32 0.3731082654249127 0.8686131386861314 0.02677532013969732 0.032116788321167884
0 0.11292200232828871 0.03722627737226277 0.037252619324796274 0.04817518248175182
0 0.2532013969732247 0.03941605839416058 0.033760186263096625 0.035036496350364967
0 0.3830034924330617 0.035036496350364967 0.034924330616996506 0.052554744525547446
15 0.25844004656577413 0.4510948905109489 0.07217694994179279 0.04671532846715328
15 0.4254947613504074 0.4510948905109489 0.09429569266589057 0.05547445255474453
15 0.5774155995343423 0.45036496350364963 0.07916181606519208 0.05401459854014599
15 0.7380675203725262 0.4489051094890511 0.07217694994179279 0.04525547445255475
15 0.8853317811408614 0.6452554744525547 0.04540162980209546 0.08759124087591241
15 0.8917345750873108 0.8503649635036497 0.03958090803259604 0.10948905109489052
15 0.7467986030267754 0.7291970802919708 0.06868451688009314 0.051094890510948905
15 0.589639115250291 0.7211678832116788 0.08963911525029103 0.049635036496350364
15 0.4231664726426077 0.7167883211678832 0.07566938300349244 0.040875912408759124
15 0.2572759022118743 0.7204379562043796 0.06519208381839348 0.04525547445255475
0 0.012805587892898719 0.2875912408759124 0.025611175785797437 0.04671532846715328
0 0.008149010477299184 0.5364963503649635 0.01629802095459837 0.05401459854014599
0 0.14435389988358557 0.5372262773722628 0.027939464493597205 0.032116788321167884
0 0.27823050058207216 0.537956204379562 0.030267753201396973 0.03941605839416058
0 0.4179278230500582 0.5386861313868613 0.03259604190919674 0.04671532846715328
34 0.5180442374854481 0.6291970802919709 0.025611175785797437 0.04671532846715328
27 0.18684516880093133 0.6284671532846715 0.059371362048894066 0.03941605839416058