0 0.2157829839704069 0.0689900426742532 0.036991368680641186 0.02702702702702703
0 0.2157829839704069 0.23684210526315788 0.0468557336621455 0.02702702702702703
0 0.21393341553637485 0.3990042674253201 0.040690505548705305 0.03556187766714083
0 0.21948212083847102 0.5739687055476529 0.03945745992601726 0.044096728307254626
0 0.23674475955610358 0.7091038406827881 0.027127003699136867 0.04694167852062589
0 0.21331689272503082 0.7411095305832148 0.036991368680641186 0.034139402560455195
0 0.23489519112207152 0.879800853485064 0.02836004932182491 0.029871977240398292
0 0.21454993834771888 0.9096728307254623 0.027127003699136867 0.02418207681365576
0 0.532059186189889 0.28662873399715505 0.02836004932182491 0.041251778093883355
0 0.6781750924784217 0.2901849217638691 0.032059186189889025 0.03982930298719772
0 0.5221948212083847 0.5298719772403983 0.040690505548705305 0.03840682788051209
0 0.6720098643649816 0.5298719772403983 0.03945745992601726 0.044096728307254626
0 0.8181257706535142 0.5327169274537695 0.02836004932182491 0.03840682788051209
0 0.9648581997533908 0.5341394025604552 0.030826140567200986 0.041251778093883355
0 0.49013563501849566 0.7731152204836416 0.025893958076448828 0.041251778093883355
0 0.6337854500616523 0.7724039829302988 0.0345252774352651 0.04267425320056899
0 0.7786683107274969 0.7759601706970128 0.030826140567200986 0.044096728307254626
3 0.35080147965474723 0.0903271692745377 0.03822441430332922 0.03840682788051209
3 0.35080147965474723 0.33712660028449504 0.03822441430332922 0.04551920341394026
3 0.3526510480887793 0.5846372688477952 0.0345252774352651 0.059743954480796585
3 0.3477188655980271 0.8250355618776671 0.04438964241676942 0.04267425320056899
4 0.4254007398273736 0.09246088193456614 0.0345252774352651 0.03698435277382646
4 0.42663378545006164 0.3357041251778094 0.0345252774352651 0.03982930298719772
4 0.4247842170160296 0.8278805120910384 0.030826140567200986 0.04267425320056899
5 0.5 0.8314366998577525 0.040690505548705305 0.04694167852062589
5 0.49876695437731194 0.3364153627311522 0.04315659679408138 0.05547652916073969
5 0.5 0.09103840682788052 0.03822441430332922 0.051209103840682786
16 0.6491985203452528 0.09388335704125178 0.040690505548705305 0.03982930298719772
16 0.6646115906288532 0.33499288762446655 0.027127003699136867 0.03840682788051209
16 0.6695437731196054 0.8250355618776671 0.032059186189889025 0.04267425320056899
24 0.5604192355117139 0.33712660028449504 0.03329223181257707 0.04836415362731152
1 0.8162762022194822 0.33214793741109533 0.051787916152897656 0.041251778093883355
21 0.8834771886559802 0.8229018492176386 0.05055487053020962 0.044096728307254626
33 0.8810110974106042 0.8620199146514936 0.04808877928483354 0.04836415362731152