0 0.1985852981969487 0.21248520710059168 0.036560332871012485 0.03764792899408284
0 0.4822884882108183 0.05244082840236687 0.031525658807212205 0.04572485207100592
0 0.6449375866851595 0.05244082840236687 0.0340499306518724 0.043032544378698225
0 0.8075866851595007 0.04841715976331361 0.049167822468793344 0.04841715976331361
0 0.9765464632454924 0.04908284023668639 0.0340499306518724 0.04168639053254438
0 0.19796116504854366 0.3819230769230769 0.03529819694868239 0.043032544378698225
0 0.521373092926491 0.299215976331361 0.036560332871012485 0.047071005917159764
0 0.6878085991678226 0.30190828402366865 0.02900138696255201 0.038994082840236685
0 0.8504576976421636 0.30124260355029586 0.031525658807212205 0.04034023668639053
0 0.682760055478502 0.5500295857988166 0.026477115117891817 0.04034023668639053
0 0.840998613037448 0.5486834319526628 0.040346740638002775 0.051109467455621296
0 0.5188488210818307 0.553387573964497 0.039084604715672676 0.04437869822485207
0 0.19796116504854366 0.5567455621301776 0.045395284327323156 0.03227810650887574
0 0.19922330097087376 0.7362869822485207 0.03529819694868239 0.03631656804733728
0 0.1966990291262136 0.9104289940828403 0.03529819694868239 0.03764792899408284
0 0.5585714285714286 0.8115976331360947 0.03782246879334258 0.04168639053254438
0 0.7218446601941748 0.8095710059171597 0.031525658807212205 0.05378698224852071
1 0.8796532593619972 0.10071005917159763 0.04588072122052704 0.04437869822485207
1 0.8791262135922331 0.6059467455621301 0.04054091539528433 0.04437869822485207
1 0.8807212205270458 0.8579881656804734 0.04588072122052704 0.03868343195266272
3 0.35527045769764215 0.10071005917159763 0.03840499306518724 0.04437869822485207
3 0.35581137309292654 0.3538905325443787 0.0373370319001387 0.0432396449704142
3 0.35794729542302356 0.6048076923076924 0.0373370319001387 0.042100591715976333
3 0.35527045769764215 0.8619674556213018 0.03840499306518724 0.042100591715976333
4 0.43848821081830786 0.09843195266272191 0.04267683772538142 0.03982248520710059
4 0.43848821081830786 0.3544674556213018 0.034147018030513177 0.048934911242603546
4 0.440624133148405 0.6076479289940828 0.03840499306518724 0.0432396449704142
4 0.43848821081830786 0.8619674556213018 0.034147018030513177 0.04437869822485207
5 0.522246879334258 0.860266272189349 0.0373370319001387 0.05007396449704142
16 0.7105547850208044 0.10071005917159763 0.04054091539528433 0.042100591715976333
16 0.7073509015256588 0.3544674556213018 0.044812760055478504 0.048934911242603546
16 0.7073509015256588 0.6070710059171598 0.04267683772538142 0.04437869822485207
16 0.7105547850208044 0.8608284023668639 0.034147018030513177 0.04665680473372781
23 0.7910957004160888 0.10298816568047338 0.052274618585298194 0.03982248520710059
23 0.789500693481276 0.6070710059171598 0.04267683772538142 0.042100591715976333
24 0.5899861303744799 0.10071005917159763 0.04054091539528433 0.042100591715976333
24 0.5905270457697642 0.606508875739645 0.04160887656033287 0.040961538461538466
24 0.592122052704577 0.860266272189349 0.04267683772538142 0.0432396449704142