0 0.44330518697225574 0.08620689655172414 0.026139927623642947 0.046518883415435135
0 0.580518697225573 0.08279146141215107 0.027141133896260553 0.042413793103448276
0 0.7232569360675514 0.08141215106732348 0.029155609167671896 0.047898193760262726
0 0.18948130277442704 0.04995073891625616 0.031158021712907116 0.02599343185550082
0 0.16535585042219544 0.06568144499178982 0.029155609167671896 0.035582922824302136
0 0.18998793727382388 0.2408374384236453 0.028142340168878163 0.03830870279146141
0 0.16636911942098914 0.2531527093596059 0.035186972255729795 0.035582922824302136
1 0.76145958986731 0.14436781609195404 0.04523522316043426 0.050623973727422
2 0.27945717732207476 0.2531527093596059 0.04221954161640531 0.03830870279146141
3 0.304583835946924 0.13957307060755336 0.03820265379975875 0.046518883415435135
4 0.3709288299155609 0.14367816091954022 0.03820265379975875 0.05747126436781609
5 0.4453196622436671 0.14367816091954022 0.03820265379975875 0.05200328407224959
16 0.6126899879372738 0.14367816091954022 0.035186972255729795 0.046518883415435135
24 0.5076357056694812 0.14026272577996715 0.03217129071170085 0.053366174055829226
21 0.8242822677925211 0.14026272577996715 0.04825090470446321 0.039688013136289
33 0.8227744270205067 0.18883415435139572 0.0412183353437877 0.04926108374384237