0 0.06134969325153374 0.034077961019490254 0.04015950920245399 0.04907046476761619
0 0.2085889570552147 0.037481259370314844 0.029006134969325154 0.031349325337331334
0 0.34914110429447853 0.03952023988005997 0.03792638036809816 0.05997001499250375
15 0.19408588957055214 0.47703148425787106 0.06246625766871165 0.04361319340329835
15 0.3591779141104295 0.47635682158920545 0.08030674846625767 0.044977511244377814
15 0.5270552147239264 0.4749925037481259 0.06134969325153374 0.050434782608695654
15 0.7055214723926381 0.4790854572713643 0.08142331288343559 0.05314842578710645
15 0.1901840490797546 0.7339580209895052 0.06134969325153374 0.044977511244377814
15 0.3530429447852761 0.7366716641679161 0.0747361963190184 0.044977511244377814
15 0.5331901840490798 0.7353073463268366 0.07808588957055215 0.055877061469265375
15 0.7005030674846625 0.7346326836581709 0.06469938650306747 0.04361319340329835
15 0.8482944785276074 0.6133283358320839 0.052429447852760734 0.08178410794602699
15 0.8460736196319018 0.8177661169415293 0.047963190184049084 0.09541229385307347
21 0.45453987730061346 0.08313343328335833 0.06358282208588957 0.05179910044977511
21 0.08923926380368098 0.596296851574213 0.049079754601226995 0.03680659670164917
34 0.4551042944785276 0.1267616191904048 0.0334601226993865 0.05451274362818591
27 0.11042944785276074 0.6453523238380809 0.06023312883435583 0.050434782608695654
25 0.03012269938650307 0.6916941529235382 0.042392638036809815 0.03952023988005997
25 0.031226993865030674 0.42796101949025483 0.04015950920245399 0.03544227886056971
7 0.0329079754601227 0.5969715142428785 0.047963190184049084 0.04907046476761619
8 0.031791411042944785 0.34209895052473765 0.050196319018404906 0.04907046476761619