0 0.4573756218905473 0.03609160305343512 0.035049751243781097 0.03609160305343512
0 0.6060572139303483 0.030534351145038167 0.0384452736318408 0.04996946564885496
0 0.7445771144278607 0.023587786259541985 0.03731343283582089 0.04719083969465649
0 0.8972139303482587 0.027068702290076338 0.032786069651741294 0.03748091603053435
0 0.4664179104477612 0.28938931297709924 0.028271144278606965 0.03748091603053435
0 0.613407960199005 0.29215267175572524 0.028271144278606965 0.04580152671755725
0 0.7558830845771145 0.29215267175572524 0.039577114427860695 0.0513587786259542
0 0.901181592039801 0.29770992366412213 0.03391791044776119 0.04858015267175573
0 0.932276119402985 0.5523969465648855 0.030534825870646768 0.061068702290076333
0 0.7869776119402986 0.5537862595419848 0.04070895522388059 0.04719083969465649
0 0.6343283582089553 0.5572519083969466 0.0384452736318408 0.043022900763358775
0 0.4873383084577114 0.5579389312977099 0.03165422885572139 0.03609160305343512
0 0.45453980099502483 0.8174809160305344 0.029402985074626867 0.04441221374045801
0 0.5987064676616916 0.8202595419847328 0.0418407960199005 0.03331297709923664
0 0.7457089552238806 0.8161068702290075 0.026007462686567163 0.03609160305343512
0 0.19447761194029853 0.14435114503816793 0.024875621890547265 0.030534351145038167
0 0.16791044776119404 0.15474809160305344 0.030534825870646768 0.0319236641221374
0 0.19447761194029853 0.3261679389312977 0.022611940298507462 0.02497709923664122
0 0.16791044776119404 0.33380152671755725 0.035049751243781097 0.026366412213740458
0 0.19447761194029853 0.5017404580152671 0.03165422885572139 0.0319236641221374
0 0.17073383084577115 0.5114503816793893 0.029402985074626867 0.040244274809160305
0 0.19618159203980098 0.6863358778625954 0.026007462686567163 0.03470229007633588
0 0.16904228855721393 0.6995114503816794 0.032786069651741294 0.03609160305343512
0 0.1927860696517413 0.8695419847328244 0.023743781094527364 0.026366412213740458
0 0.16960199004975127 0.8771755725190838 0.029402985074626867 0.027755725190839693
1 0.7807587064676618 0.08604580152671755 0.055410447761194026 0.04719083969465649
1 0.7830223880597015 0.3469770992366412 0.04409203980099503 0.04441221374045801
1 0.7796268656716419 0.8688396946564886 0.039577114427860695 0.04719083969465649
3 0.30925373134328354 0.08465648854961833 0.0418407960199005 0.04719083969465649
3 0.3137686567164179 0.3497557251908397 0.03731343283582089 0.05274809160305343
3 0.30925373134328354 0.6079083969465648 0.03731343283582089 0.05274809160305343
3 0.3075497512437811 0.8730076335877863 0.029402985074626867 0.04719083969465649
4 0.3855721393034826 0.08258015267175572 0.04748756218905473 0.054122137404580155
4 0.3827487562189055 0.345587786259542 0.035049751243781097 0.04996946564885496
4 0.3867039800995025 0.609297709923664 0.0384452736318408 0.04996946564885496
4 0.3833084577114428 0.8646717557251908 0.042972636815920395 0.05829007633587786
5 0.4607587064676617 0.8702290076335878 0.035049751243781097 0.04996946564885496
16 0.6258457711442786 0.08465648854961833 0.03731343283582089 0.038854961832061066
16 0.6286691542288557 0.3476793893129771 0.03391791044776119 0.040244274809160305
16 0.6275497512437811 0.8702290076335878 0.0384452736318408 0.04441221374045801
23 0.6976492537313432 0.08674809160305344 0.052014925373134326 0.0513587786259542
24 0.5206965174129353 0.08535877862595419 0.035049751243781097 0.043022900763358775
24 0.5218283582089552 0.34629007633587783 0.0418407960199005 0.03748091603053435
24 0.5195646766169154 0.8688396946564886 0.04409203980099503 0.04996946564885496
21 0.9147388059701493 0.08258015267175572 0.04748756218905473 0.03748091603053435
22 0.9571517412935323 0.34419847328244274 0.03731343283582089 0.04163358778625954
22 0.8440796019900497 0.866763358778626 0.04861940298507463 0.03748091603053435
28 0.9678855721393034 0.3913893129770993 0.05652985074626866 0.05829007633587786
33 0.8480348258706468 0.9146412213740458 0.04975124378109453 0.04441221374045801