0 0.13728735632183908 0.25760509554140126 0.03958620689655172 0.03680254777070064
0 0.43358620689655175 0.36377070063694267 0.03958620689655172 0.06510828025477707
0 0.6513448275862068 0.36588535031847136 0.03575862068965517 0.06086624203821656
0 0.8761149425287357 0.362343949044586 0.04342528735632184 0.08208917197452228
1 0.5964252873563218 0.5300764331210192 0.10727586206896551 0.07784713375796179
3 0.18901149425287356 0.43807643312101907 0.09195402298850575 0.07784713375796179
4 0.3346091954022989 0.4338343949044586 0.07663218390804598 0.08067515923566879
5 0.48786206896551726 0.4394904458598726 0.06896551724137931 0.07501910828025478
19 0.7273333333333333 0.5208789808917197 0.1162183908045977 0.0990828025477707
9 0.8978275862068966 0.5265350318471337 0.10217241379310345 0.05945222929936306
37 0.3103448275862069 0.7353121019108281 0.08173563218390804 0.092
31 0.31289655172413794 0.9009171974522293 0.07406896551724138 0.07501910828025478