0 0.12776775648252536 0.2608142493638677 0.042593010146561444 0.04947837150127227
0 0.4240248027057497 0.3703689567430026 0.04384441939120631 0.05371501272264631
0 0.6444983089064261 0.37319338422391857 0.04384441939120631 0.06784987277353689
0 0.8493010146561444 0.3739058524173028 0.06012401352874859 0.05512722646310432
3 0.18226606538895151 0.4445801526717557 0.07139797068771138 0.08623409669211196
4 0.328196166854566 0.44529262086513993 0.07264937993235625 0.08198473282442748
5 0.4791431792559188 0.4424681933842239 0.06388951521984217 0.090470737913486
1 0.5874971815107103 0.5265776081424937 0.09019165727170236 0.0692620865139949
19 0.7215332581736189 0.5265776081424937 0.12025930101465615 0.07774809160305343
9 0.8818714768883879 0.5364758269720102 0.10521984216459977 0.07209923664122138
37 0.29939120631341604 0.7513486005089057 0.07264937993235625 0.089058524173028
31 0.30689966178128525 0.9075445292620866 0.07014656144306651 0.07351145038167939