0 0.13126539753639418 0.25521573604060915 0.05847704367301232 0.03384517766497462
0 0.42180291153415456 0.3708375634517767 0.04727883538633818 0.0592258883248731
0 0.6351847704367302 0.3687309644670051 0.041063829787234045 0.05217005076142132
0 0.8442217245240762 0.372246192893401 0.03608062709966405 0.05357868020304568
3 0.17854423292273236 0.44416243654822335 0.09581187010078387 0.0874238578680203
4 0.32661814109742443 0.43852791878172587 0.08834266517357223 0.07895939086294416
5 0.474053751399776 0.4413451776649746 0.0771444568868981 0.07895939086294416
1 0.5879059350503919 0.5266497461928934 0.09581187010078387 0.07191624365482234
19 0.7079731243001121 0.5287690355329949 0.107010078387458 0.07614213197969544
9 0.8771892497200449 0.5308756345177664 0.10451287793952967 0.06345177664974619
37 0.29737961926091827 0.7360406091370558 0.08958566629339305 0.10152284263959391
31 0.30110862262038074 0.9024238578680204 0.08958566629339305 0.07614213197969544