0 0.12906846240179573 0.25916237113402063 0.04613916947250281 0.04582474226804124
0 0.4239955106621773 0.37514175257731963 0.04489337822671156 0.0572680412371134
0 0.6372390572390572 0.3701288659793815 0.06484848484848485 0.06443298969072164
0 0.8479910213243546 0.3729896907216495 0.057362514029180696 0.0672938144329897
3 0.17769921436588104 0.4488788659793814 0.08105499438832772 0.07588917525773196
4 0.32610549943883277 0.44029639175257734 0.08105499438832772 0.08734536082474227
5 0.4726262626262626 0.44458762886597936 0.08230078563411897 0.07588917525773196
1 0.582368125701459 0.5312113402061857 0.10225589225589225 0.06586340206185567
19 0.7145566778900112 0.5305025773195876 0.10474747474747474 0.08448453608247423
9 0.8760493827160494 0.5347938144329897 0.11098765432098766 0.07015463917525773
37 0.29929292929292933 0.7510051546391753 0.09727272727272727 0.09306701030927834
31 0.29804713804713806 0.9178092783505155 0.0748260381593715 0.07731958762886598