0 0.13811023622047244 0.25511919698870766 0.06874015748031496 0.04740276035131744
0 0.42681664791901014 0.36386449184441655 0.05374578177727784 0.05575909661229611
0 0.6449156355455569 0.3652572145545797 0.052497187851518565 0.05575909661229611
0 0.8573903262092238 0.3631618569636135 0.052497187851518565 0.05716436637390213
3 0.1849718785151856 0.43077791718946046 0.0824859392575928 0.07806775407779172
4 0.3255793025871766 0.4314805520702635 0.09123734533183352 0.07388958594730238
5 0.48181102362204725 0.43217063989962357 0.07374578177727785 0.08922208281053952
1 0.5961754780652418 0.5137264742785446 0.09498312710911136 0.07110414052697617
19 0.7192800899887515 0.5095483061480552 0.11874015748031497 0.09061480552070264
9 0.8848931383577052 0.5220953575909661 0.0924859392575928 0.05716436637390213
37 0.3099662542182227 0.7347051442910916 0.0824859392575928 0.08365119196988707
31 0.3087064116985377 0.8894479297365119 0.0824859392575928 0.08085319949811794