0 0.13149490373725933 0.2629389312977099 0.051596828992072484 0.042404580152671754
0 0.4328652321630804 0.37673027989821883 0.0402718006795017 0.04381679389312977
0 0.6486749716874292 0.37603053435114503 0.044043035107587766 0.05089058524173028
0 0.8663646659116648 0.3717811704834606 0.03900339750849377 0.06784987277353689
1 0.59519818799547 0.5322264631043256 0.09562853907134768 0.07774809160305343
3 0.18056625141562854 0.44670483460559796 0.07927519818799547 0.08198473282442748
4 0.3353454133635334 0.4445801526717557 0.06669309173272933 0.08057251908396947
5 0.4863420158550396 0.44811704834605603 0.06920724801812005 0.07633587786259542
19 0.7222876557191392 0.5258651399491094 0.11325028312570781 0.090470737913486
9 0.892163080407701 0.5350636132315522 0.10318233295583239 0.06078880407124682
37 0.30200453001132505 0.7499236641221375 0.08304643261608154 0.08340966921119593
31 0.3082899207248018 0.9089567430025446 0.07801812004530011 0.0961323155216285