0 0.13320454545454546 0.25372647427854456 0.04671590909090909 0.04740276035131744
0 0.4349772727272727 0.3680426599749059 0.04419318181818182 0.050188205771643665
0 0.6565681818181818 0.3673525721455458 0.035352272727272725 0.05716436637390213
0 0.8655340909090908 0.3687452948557089 0.05429545454545455 0.05158092848180677
1 0.5984886363636364 0.5158218318695107 0.10353409090909091 0.07528230865746549
3 0.18560227272727275 0.4335759096612296 0.07576136363636364 0.07528230865746549
4 0.33775000000000005 0.4349686323713927 0.0745 0.07528230865746549
5 0.48863636363636365 0.43426599749058975 0.06565909090909092 0.07667503136762861
19 0.7323181818181819 0.5186072772898369 0.10605681818181818 0.07249686323713928
9 0.8933068181818182 0.5214052697616061 0.10985227272727273 0.06971141781681305
37 0.3106022727272727 0.7332998745294856 0.08332954545454545 0.0975909661229611
31 0.3099772727272727 0.8922333751568382 0.0745 0.07528230865746549