14 0.104959630911188 0.29564606741573035 0.08073817762399077 0.054775280898876406
14 0.3264129181084198 0.29213483146067415 0.08765859284890427 0.0702247191011236
14 0.5547866205305652 0.2914325842696629 0.1061130334486736 0.05758426966292135
14 0.792964244521338 0.28581460674157305 0.07497116493656286 0.06601123595505617
14 0.15340253748558247 0.6481741573033708 0.07381776239907728 0.05196629213483146
39 0.11476355247981546 0.20786516853932585 0.07035755478662054 0.07303370786516854
39 0.3575547866205306 0.20786516853932585 0.07612456747404844 0.07865168539325842
39 0.6205305651672434 0.2127808988764045 0.07381776239907728 0.0800561797752809
39 0.8765859284890427 0.21137640449438203 0.08996539792387544 0.07162921348314606
39 0.10784313725490197 0.5716292134831461 0.07958477508650519 0.07865168539325842
39 0.35986159169550175 0.5688202247191011 0.0784313725490196 0.07865168539325842