14 0.05323819978046103 0.3441466854724965 0.07354555433589462 0.0535966149506347
14 0.27771679473106475 0.3547249647390691 0.08122941822173436 0.05218617771509168
14 0.49286498353457736 0.346262341325811 0.06366630076838639 0.06064880112834979
14 0.7058177826564215 0.3519040902679831 0.10318331503841932 0.06346967559943582
14 0.929198682766191 0.3455571227080395 0.0867178924259056 0.06488011283497884
14 0.08836443468715698 0.7101551480959097 0.08232711306256861 0.07193229901269393
14 0.30735455543358947 0.7073342736248237 0.07244785949506037 0.0691114245416079
14 0.5120746432491767 0.7115655853314528 0.0845225027442371 0.06629055007052186
14 0.7464324917672887 0.7094499294781382 0.07683863885839737 0.06205923836389281
14 0.9665203073545554 0.7073342736248237 0.06037321624588365 0.07193229901269393
39 0.13995609220636662 0.268688293370945 0.07793633369923161 0.07475317348377997
39 0.3809001097694841 0.2623413258110014 0.07025246981339188 0.0846262341325811
39 0.6147091108671789 0.26657263751763044 0.06586169045005488 0.07334273624823695
39 0.849615806805708 0.27150916784203105 0.06366630076838639 0.07475317348377997
39 0.13885839736553238 0.6248236953455572 0.07793633369923161 0.07052186177715092
39 0.37596048298573 0.6234132581100141 0.07793633369923161 0.07898448519040903
39 0.6141602634467618 0.6262341325811002 0.07135016465422613 0.08180535966149506
39 0.8490669593852909 0.6262341325811002 0.06476399560922064 0.076163610719323