13 0.2169230769230769 0.1815114709851552 0.07692307692307693 0.0553306342780027
13 0.44358974358974357 0.1862348178137652 0.06256410256410257 0.05668016194331984
13 0.21794871794871795 0.3603238866396761 0.05435897435897436 0.043184885290148446
13 0.2164102564102564 0.5398110661268556 0.06564102564102564 0.05128205128205128
13 0.2153846153846154 0.7112010796221323 0.06564102564102564 0.03508771929824561
13 0.2169230769230769 0.8960863697705803 0.05641025641025641 0.048582995951417005
13 0.442051282051282 0.8940620782726046 0.057435897435897436 0.05263157894736842
13 0.4461538461538462 0.7206477732793523 0.057435897435897436 0.048582995951417005
13 0.44461538461538463 0.5337381916329285 0.07076923076923076 0.05263157894736842
13 0.4461538461538462 0.3549257759784076 0.06769230769230769 0.0620782726045884
36 0.6153846153846154 0.17813765182186234 0.05128205128205128 0.048582995951417005
36 0.6123076923076923 0.35695006747638325 0.04923076923076923 0.058029689608636977
36 0.6087179487179487 0.5371120107962213 0.050256410256410255 0.06477732793522267
36 0.6112820512820513 0.7165991902834008 0.05128205128205128 0.05668016194331984
36 0.6102564102564103 0.8920377867746289 0.04717948717948718 0.059379217273954114