13 0.162577873254565 0.0834597875569044 0.07323308270676693 0.05931714719271624
13 0.40670247046186897 0.08898330804248862 0.07909774436090225 0.07587253414264036
13 0.16404940923737915 0.2814112291350531 0.07421052631578948 0.06622154779969651
13 0.3915682062298604 0.2821092564491654 0.08007518796992481 0.07863429438543247
13 0.16355531686358754 0.48902883156297416 0.08104189044038669 0.06207890743550834
13 0.3988829215896885 0.48420333839150226 0.06737916219119226 0.0689681335356601
13 0.39986036519871104 0.6876783004552353 0.06542427497314715 0.06760242792109256
13 0.17283566058002148 0.6856145675265554 0.0781203007518797 0.052427921092564486
13 0.16697099892588613 0.8842640364188165 0.050773361976369495 0.05517450682852807
13 0.4003544575725027 0.8918512898330805 0.04881847475832438 0.053793626707132024
36 0.5805048335123524 0.08414264036418817 0.05761546723952739 0.0689681335356601
36 0.5751342642320086 0.2814112291350531 0.05663802363050483 0.0689681335356601
36 0.5770891514500537 0.48420333839150226 0.052728249194414614 0.10207890743550833
36 0.5731901181525242 0.6876783004552353 0.050773361976369495 0.06207890743550834
36 0.5775832438238453 0.8856449165402124 0.04979591836734694 0.07172989377845221