36 0.5778918918918918 0.09541229385307347 0.043243243243243246 0.06542728635682159
36 0.5734594594594595 0.29712143928035983 0.05798918918918919 0.06269865067466267
36 0.5832972972972973 0.5002098950524737 0.04422702702702702 0.07086956521739131
36 0.5778918918918918 0.6957871064467765 0.043243243243243246 0.07769115442278861
36 0.580345945945946 0.8913793103448275 0.05011891891891892 0.07086956521739131
13 0.1656 0.10085457271364318 0.07370810810810811 0.05451274362818591
13 0.4009837837837838 0.10221889055472265 0.05897297297297297 0.06269865067466267
13 0.39951351351351355 0.29848575712143927 0.08156756756756757 0.06542728635682159
13 0.1651135135135135 0.30938530734632685 0.0628972972972973 0.05724137931034483
13 0.1651135135135135 0.5022488755622189 0.07075675675675676 0.05314842578710645
13 0.4034378378378378 0.4967916041979011 0.08747027027027027 0.0613343328335832
13 0.40540540540540543 0.692383808095952 0.06388108108108108 0.0872263868065967
13 0.3955783783783784 0.9022788605697152 0.08353513513513514 0.05724137931034483
13 0.16264864864864864 0.8988755622188905 0.05798918918918919 0.04224887556221889
13 0.16216216216216217 0.6978260869565217 0.06683243243243243 0.05179910044977511