0 0.17468354430379746 0.10260115606936417 0.043037974683544304 0.03468208092485549
0 0.46455696202531643 0.03757225433526012 0.02531645569620253 0.03468208092485549
0 0.6139240506329114 0.03757225433526012 0.03291139240506329 0.04335260115606936
0 0.7601265822784811 0.03757225433526012 0.03164556962025317 0.04046242774566474
0 0.1778481012658228 0.2817919075144509 0.026582278481012658 0.03757225433526012
0 0.5056962025316456 0.28540462427745666 0.03417721518987342 0.02745664739884393
0 0.6512658227848102 0.28829479768786126 0.024050632911392405 0.04190751445086705
0 0.6525316455696203 0.5317919075144508 0.02911392405063291 0.04335260115606936
0 0.5037974683544304 0.5375722543352601 0.035443037974683546 0.04335260115606936
0 0.5031645569620253 0.7745664739884393 0.039240506329113925 0.04335260115606936
0 0.6563291139240506 0.7825144508670521 0.02911392405063291 0.030346820809248554
0 0.17658227848101266 0.4421965317919075 0.03670886075949367 0.028901734104046242
0 0.20189873417721518 0.46965317919075145 0.03164556962025317 0.02601156069364162
0 0.17531645569620252 0.6170520231213873 0.03417721518987342 0.02601156069364162
0 0.20253164556962025 0.6423410404624278 0.035443037974683546 0.02745664739884393
0 0.18037974683544303 0.7875722543352601 0.03417721518987342 0.02601156069364162
0 0.20822784810126582 0.8143063583815029 0.04430379746835443 0.030346820809248554
0 0.18037974683544303 0.9588150289017341 0.03164556962025317 0.030346820809248554
0 0.20506329113924052 0.976878612716763 0.035443037974683546 0.02601156069364162
3 0.320253164556962 0.08959537572254335 0.030379746835443037 0.04046242774566474
3 0.3221518987341772 0.3374277456647399 0.039240506329113925 0.0476878612716763
3 0.3284810126582278 0.5809248554913294 0.04683544303797468 0.06069364161849711
3 0.32531645569620254 0.8251445086705202 0.035443037974683546 0.049132947976878616
4 0.3930379746835443 0.08815028901734104 0.039240506329113925 0.05202312138728324
4 0.3981012658227848 0.3352601156069364 0.03417721518987342 0.04046242774566474
4 0.3987341772151899 0.5809248554913294 0.0379746835443038 0.05491329479768786
4 0.4006329113924051 0.8323699421965318 0.03670886075949367 0.04046242774566474
5 0.47151898734177217 0.09248554913294797 0.04430379746835443 0.05202312138728324
5 0.4727848101265823 0.5838150289017341 0.04177215189873418 0.05491329479768786
5 0.47468354430379744 0.8316473988439307 0.0379746835443038 0.03901734104046243
16 0.6449367088607595 0.34104046242774566 0.04177215189873418 0.04335260115606936
16 0.6424050632911392 0.5838150289017341 0.04430379746835443 0.04046242774566474
16 0.6449367088607595 0.8302023121387283 0.03417721518987342 0.04190751445086705
1 0.8006329113924051 0.08959537572254335 0.03670886075949367 0.03757225433526012
1 0.7943037974683544 0.3309248554913295 0.06455696202531645 0.046242774566473986
1 0.7981012658227848 0.5809248554913294 0.05443037974683544 0.049132947976878616
1 0.8 0.8309248554913294 0.060759493670886074 0.05202312138728324
24 0.539873417721519 0.08670520231213873 0.04683544303797468 0.049132947976878616
24 0.5392405063291139 0.3338150289017341 0.04050632911392405 0.046242774566473986
24 0.5367088607594936 0.5838150289017341 0.0379746835443038 0.046242774566473986
24 0.5354430379746835 0.8302023121387283 0.043037974683544304 0.0476878612716763
21 0.8651898734177215 0.08598265895953758 0.049367088607594936 0.036127167630057806
33 0.8651898734177215 0.12644508670520233 0.04177215189873418 0.030346820809248554