30 0.5282444444444445 0.21920289855072464 0.06018888888888889 0.03985507246376811
21 0.1810222222222222 0.0966231884057971 0.04722222222222222 0.033811594202898546
40 0.2851888888888889 0.12982608695652173 0.03147777777777778 0.03260869565217391
32 0.3217555555555555 0.12439130434782608 0.03611111111111111 0.028985507246376812
22 0.3588 0.093 0.0287 0.033811594202898546
22 0.4 0.09540579710144927 0.027777777777777776 0.028985507246376812
21 0.030555555555555555 0.593 0.037033333333333335 0.026565217391304345
21 0.17175555555555558 0.592391304347826 0.04722222222222222 0.03743478260869565
7 0.11944444444444445 0.5917826086956521 0.044444444444444446 0.04830434782608695
8 0.11944444444444445 0.8435942028985508 0.044444444444444446 0.04710144927536232
22 0.06758888888888889 0.8417826086956522 0.03518888888888889 0.033811594202898546
25 0.12083333333333333 0.6811594202898551 0.043522222222222226 0.03865217391304348
27 0.1912 0.6358695652173914 0.05463333333333333 0.04227536231884058
28 0.08194444444444444 0.8834492753623189 0.04907777777777778 0.03985507246376811
25 0.12222222222222222 0.9305507246376812 0.044444444444444446 0.030188405797101445
0 0.021755555555555552 0.7934782608695652 0.025 0.04105797101449275
0 0.04768888888888889 0.5404637681159421 0.030555555555555555 0.04227536231884058
0 0.05324444444444445 0.05314492753623189 0.030555555555555555 0.03865217391304348
15 0.26713333333333333 0.7264492753623188 0.05092222222222222 0.05192753623188406
15 0.41574444444444447 0.7264492753623188 0.06666666666666667 0.04227536231884058
15 0.5629666666666667 0.7228260869565217 0.07222222222222222 0.05434782608695652
15 0.7203666666666667 0.7234347826086956 0.07407777777777778 0.045898550724637686
15 0.2611111111111111 0.9740289855072465 0.07036666666666666 0.04952173913043478
15 0.41852222222222224 0.9764492753623188 0.05555555555555555 0.04468115942028985
15 0.569911111111111 0.9704057971014494 0.06388888888888888 0.04952173913043478
15 0.7245333333333334 0.9692028985507246 0.058333333333333334 0.04710144927536232
15 0.8592555555555556 0.867144927536232 0.044444444444444446 0.07971014492753623