0 0.1987704918032787 0.24567723342939482 0.03415300546448088 0.03025936599423631
0 0.5566939890710383 0.045389048991354465 0.028688524590163935 0.04178674351585014
0 0.717896174863388 0.0446685878962536 0.025956284153005466 0.0345821325648415
0 0.8797814207650273 0.0446685878962536 0.030054644808743168 0.04610951008645533
0 0.8278688524590164 0.28746397694524495 0.03278688524590164 0.03890489913544669
0 0.6673497267759563 0.2910662824207493 0.03961748633879782 0.043227665706051875
0 0.5075136612021858 0.2889048991354467 0.045081967213114756 0.04178674351585014
0 0.20013661202185792 0.4185878962536023 0.036885245901639344 0.03025936599423631
0 0.19808743169398907 0.5893371757925072 0.03278688524590164 0.0345821325648415
0 0.20081967213114754 0.7600864553314121 0.03551912568306011 0.03025936599423631
0 0.20081967213114754 0.9301152737752162 0.04644808743169399 0.03314121037463977
0 0.5191256830601093 0.7824207492795389 0.03278688524590164 0.037463976945244955
0 0.6769125683060109 0.7831412103746398 0.03415300546448088 0.0446685878962536
0 0.8415300546448088 0.781700288184438 0.0273224043715847 0.04178674351585014
0 0.8770491803278688 0.537463976945245 0.02185792349726776 0.03170028818443804
0 0.7144808743169399 0.5381844380403458 0.0273224043715847 0.04178674351585014
0 0.5525956284153005 0.5353025936599424 0.023224043715846996 0.03890489913544669
3 0.3531420765027322 0.09293948126801153 0.045081967213114756 0.0446685878962536
3 0.3524590163934426 0.3407780979827089 0.040983606557377046 0.0446685878962536
3 0.35382513661202186 0.5871757925072046 0.04371584699453552 0.0446685878962536
3 0.3551912568306011 0.8342939481268011 0.040983606557377046 0.04610951008645533
4 0.4344262295081967 0.09654178674351585 0.03825136612021858 0.05187319884726225
4 0.4344262295081967 0.3407780979827089 0.040983606557377046 0.04755043227665706
4 0.4344262295081967 0.5864553314121037 0.040983606557377046 0.04899135446685879
4 0.4337431693989071 0.8314121037463977 0.04234972677595628 0.040345821325648415
5 0.5150273224043715 0.3400576368876081 0.03825136612021858 0.04899135446685879
16 0.6967213114754098 0.5828530259365994 0.040983606557377046 0.04755043227665706
16 0.6857923497267759 0.8357348703170029 0.040983606557377046 0.04899135446685879
1 0.8681693989071039 0.34365994236311237 0.05874316939890711 0.03890489913544669
1 0.8702185792349727 0.8314121037463977 0.04644808743169399 0.040345821325648415
1 0.8674863387978142 0.5871757925072046 0.04918032786885246 0.04755043227665706
24 0.5853825136612022 0.3407780979827089 0.03961748633879782 0.04755043227665706
24 0.5853825136612022 0.5871757925072046 0.03415300546448088 0.05043227665706052
24 0.5881147540983607 0.8357348703170029 0.03961748633879782 0.043227665706051875
23 0.7793715846994536 0.5864553314121037 0.050546448087431695 0.040345821325648415
21 0.9378415300546448 0.3407780979827089 0.050546448087431695 0.03890489913544669
33 0.9371584699453552 0.38256484149855907 0.04918032786885246 0.03890489913544669