0 0.4977038895859473 0.04938311688311688 0.04181932245922208 0.04193181818181818
0 0.6498368883312421 0.04667207792207792 0.028230865746549563 0.044642857142857144
0 0.6498368883312421 0.3239935064935065 0.030326223337515685 0.044642857142857144
0 0.49821831869510663 0.3212987012987013 0.028230865746549563 0.044642857142857144
0 0.9091342534504392 0.604025974025974 0.02405269761606023 0.047353896103896106
0 0.7611919698870765 0.6053896103896104 0.029272271016311163 0.03923701298701299
0 0.6137641154328733 0.6013311688311689 0.029272271016311163 0.03923701298701299
0 0.46057716436637386 0.6006493506493507 0.0324090338770389 0.03787337662337662
0 0.17565872020075282 0.7366071428571429 0.02718946047678796 0.031120129870129874
0 0.1991844416562108 0.7636688311688312 0.030326223337515685 0.02569805194805195
0 0.17565872020075282 0.544512987012987 0.03136762860727729 0.03381493506493506
0 0.19761606022584693 0.5708928571428572 0.029272271016311163 0.032467532467532464
0 0.17356336260978672 0.3510551948051948 0.02718946047678796 0.028409090909090908
0 0.1965746549560853 0.3787824675324675 0.03136762860727729 0.032467532467532464
0 0.1746173149309912 0.16099025974025974 0.033462986198243415 0.032467532467532464
0 0.2012797992471769 0.18668831168831168 0.03450439146800502 0.032467532467532464
2 0.2938143036386449 0.762987012987013 0.037641154328732745 0.035178571428571434
1 0.7951693851944793 0.658814935064935 0.0428732747804266 0.035178571428571434
1 0.7909912170639899 0.3781168831168831 0.0428732747804266 0.03923701298701299
1 0.7930740276035132 0.10349025974025974 0.061693851944792974 0.044642857142857144
21 0.9284818067754078 0.6635551948051948 0.043914680050188205 0.036525974025974024
23 0.7073400250941029 0.661525974025974 0.04495608531994981 0.048701298701298704
3 0.31734002509410286 0.10146103896103896 0.0428732747804266 0.051412337662337666
3 0.3204767879548306 0.3808116883116883 0.03868255959849435 0.044642857142857144
3 0.3194228356336261 0.6574675324675324 0.03659974905897114 0.048701298701298704
4 0.39105395232120455 0.10551948051948051 0.039736511919698875 0.040584415584415584
4 0.39523212045169387 0.38217532467532467 0.03554579673776662 0.047353896103896106
4 0.3915683814303638 0.6601785714285715 0.04077791718946048 0.048701298701298704
5 0.46737766624843163 0.10280844155844156 0.03554579673776662 0.045990259740259734
5 0.46528230865746545 0.3808116883116883 0.033462986198243415 0.047353896103896106
16 0.6372898368883313 0.10349025974025974 0.03659974905897114 0.03923701298701299
16 0.6388582183186952 0.3842045454545454 0.039736511919698875 0.051412337662337666
16 0.6325846925972397 0.6628733766233766 0.037641154328732745 0.045990259740259734
24 0.5316813048933501 0.10349025974025974 0.04077791718946048 0.04193181818181818
24 0.5301129234629862 0.38217532467532467 0.03136762860727729 0.052759740259740256
24 0.5306398996235885 0.6608441558441558 0.0428732747804266 0.052759740259740256