0 0.06446960667461264 0.6284881889763779 0.02926102502979738 0.04294488188976378
0 0.20532777115613826 0.6256220472440944 0.020584028605482717 0.04294488188976378
0 0.344564958283671 0.6292125984251968 0.03684147794994041 0.041511811023622044
7 0.03575685339690107 0.14102362204724408 0.04550655542312276 0.04437795275590551
21 0.09101311084624553 0.14173228346456693 0.04550655542312276 0.03436220472440945
27 0.10889153754469606 0.1889763779527559 0.055256257449344454 0.04294488188976378
25 0.03467222884386174 0.2340787401574803 0.05417163289630513 0.03292913385826772
21 0.4469606674612634 0.6807401574803149 0.05092967818831942 0.03579527559055118
34 0.4464243146603099 0.7301417322834646 0.02166865315852205 0.054409448818897636
15 0.18799761620977354 0.2848976377952756 0.05092967818831942 0.037228346456692915
15 0.3575685339690107 0.28919685039370074 0.06717520858164482 0.040078740157480315
15 0.5163051251489869 0.2841732283464567 0.07259833134684147 0.041511811023622044
15 0.689129916567342 0.2870393700787402 0.05851013110846246 0.05011023622047244
15 0.8261978545887961 0.15533858267716535 0.044421930870083434 0.07015748031496062
15 0.8256615017878427 0.37938582677165356 0.03033373063170441 0.06299212598425197
15 0.8278307508939213 0.5962834645669292 0.04550655542312276 0.10450393700787401
15 0.8272824791418355 0.8153228346456693 0.03792610250297974 0.06442519685039369
17 0.9486412395709177 0.6993543307086614 0.03792610250297974 0.055826771653543314