0 0.4055048409405256 0.03907993966817496 0.03395573997233749 0.03975867269984917
0 0.5658229598893499 0.03975867269984917 0.030179806362378978 0.027420814479638008
0 0.7273997233748271 0.04113122171945701 0.031438450899031814 0.03291101055806938
0 0.8933748271092669 0.03975867269984917 0.031438450899031814 0.03565610859728507
0 0.7230013831258645 0.3002865761689291 0.025145228215767635 0.03565610859728507
0 0.5582849239280774 0.29823529411764704 0.03269709543568465 0.03702865761689291
0 0.3960719225449516 0.29960784313725486 0.027662517289073305 0.034283559577677224
0 0.8965145228215767 0.5587481146304676 0.03520055325034578 0.04799396681749623
0 0.7380912863070539 0.5566968325791855 0.030179806362378978 0.03565610859728507
0 0.573997233748271 0.5560180995475112 0.03395573997233749 0.042503770739064854
0 0.4055048409405256 0.5587481146304676 0.03645919778699862 0.03702865761689291
0 0.8990318118948825 0.8179034690799396 0.03520055325034578 0.042503770739064854
0 0.7343153526970954 0.8151583710407241 0.037717842323651454 0.042503770739064854
0 0.5733748271092669 0.8172247360482655 0.037717842323651454 0.04113122171945701
0 0.4111618257261411 0.8165309200603319 0.030179806362378978 0.03702865761689291
0 0.059723374827109266 0.127526395173454 0.02892116182572614 0.03291101055806938
0 0.08676348547717842 0.16111613876319758 0.04023513139695712 0.03702865761689291
0 0.06098201936376211 0.3064555052790347 0.02892116182572614 0.028793363499245852
0 0.08110650069156293 0.34141779788838617 0.03645919778699862 0.04113122171945701
0 0.058464730290456436 0.48333333333333334 0.04149377593360996 0.03702865761689291
0 0.10876901798063623 0.49156862745098046 0.03645919778699862 0.028793363499245852
0 0.08612724757952975 0.5183107088989442 0.03395573997233749 0.03565610859728507
0 0.10561549100968189 0.6718702865761689 0.037717842323651454 0.03291101055806938
0 0.05910096818810511 0.6650226244343892 0.03269709543568465 0.03565610859728507
0 0.08360995850622407 0.6951885369532429 0.031438450899031814 0.02467571644042232
0 0.059723374827109266 0.8432730015082956 0.03395573997233749 0.021945701357466065
0 0.11190871369294605 0.848763197586727 0.030179806362378978 0.03565610859728507
0 0.08360995850622407 0.8713876319758673 0.03395573997233749 0.034283559577677224
1 0.7619778699861687 0.09392156862745099 0.05532503457814661 0.03975867269984917
1 0.7594605809128631 0.34895927601809956 0.04778699861687413 0.03975867269984917
3 0.23575380359612724 0.09254901960784313 0.04903181189488244 0.04524886877828054
3 0.23952973720608575 0.35170437405731525 0.04149377593360996 0.04524886877828054
3 0.23952973720608575 0.605369532428356 0.0465283540802213 0.04799396681749623
3 0.2401659751037344 0.867948717948718 0.037717842323651454 0.0438763197586727
4 0.32189488243430153 0.08981900452488688 0.04275242047026279 0.04799396681749623
4 0.32063623789764867 0.3503318250377074 0.04023513139695712 0.04799396681749623
4 0.32189488243430153 0.6074358974358974 0.03269709543568465 0.057586726998491704
4 0.32189488243430153 0.8706938159879336 0.04778699861687413 0.046621417797888386
5 0.4042461964038727 0.35239819004524886 0.04149377593360996 0.052111613876319754
16 0.5922268326417705 0.09529411764705882 0.04023513139695712 0.04524886877828054
16 0.5733748271092669 0.3496530920060332 0.05280774550484094 0.049366515837104066
24 0.473402489626556 0.0911764705882353 0.038976486860304284 0.034283559577677224
24 0.47278008298755186 0.34895927601809956 0.04275242047026279 0.042503770739064854
21 0.8361687413554633 0.351025641025641 0.060359612724757955 0.030165912518853696
33 0.832392807745505 0.3955806938159879 0.04778699861687413 0.03975867269984917
22 0.9574965421853389 0.6081146304675716 0.05406639004149378 0.04799396681749623
22 0.9587551867219917 0.8631523378582202 0.04903181189488244 0.03702865761689291
28 0.971521438450899 0.6561085972850679 0.05695712309820194 0.03702865761689291
28 0.971521438450899 0.9111463046757164 0.05695712309820194 0.04799396681749623