0 0.15268199233716476 0.025053598774885145 0.038314176245210725 0.030627871362940276
0 0.19679438058748405 0.028545176110260338 0.038314176245210725 0.026447166921898926
0 0.17763729246487867 0.05707503828483921 0.0418007662835249 0.025053598774885145
0 0.15441890166028097 0.2046554364471669 0.03250319284802043 0.03341500765696784
0 0.19969348659003833 0.20952526799387441 0.027867177522349938 0.02366003062787136
0 0.17647509578544063 0.23805513016845328 0.03482758620689655 0.02784073506891271
0 0.15499361430395914 0.3863246554364472 0.029029374201787996 0.02923430321592649
0 0.19853128991060023 0.38981623277182237 0.027867177522349938 0.030627871362940276
0 0.1770625798212005 0.41834609494640124 0.03366538952745849 0.02923430321592649
0 0.15441890166028097 0.5694027565084226 0.030191570881226055 0.030627871362940276
0 0.19679438058748405 0.5707963246554365 0.03135376756066411 0.030627871362940276
0 0.1782247765006386 0.6007197549770291 0.029029374201787996 0.026447166921898926
0 0.15383141762452107 0.7496937212863706 0.03135376756066411 0.026447166921898926
0 0.19679438058748405 0.7517764165390506 0.03135376756066411 0.022281776416539053
0 0.1782247765006386 0.7803215926493109 0.03366538952745849 0.026447166921898926
0 0.5079565772669221 0.07865237366003063 0.02205619412515964 0.03202143950995406
0 0.6571519795657726 0.08004594180704441 0.027867177522349938 0.040367534456355283
0 0.8074968071519796 0.08075038284839203 0.03366538952745849 0.04454823889739663
0 0.9613409961685824 0.07865237366003063 0.03250319284802043 0.048728943338437976
0 0.505632183908046 0.34038284839203675 0.03135376756066411 0.045941807044410414
0 0.6577266922094508 0.34108728943338434 0.029029374201787996 0.05012251148545176
0 0.4708045977011494 0.593062787136294 0.029029374201787996 0.06125574272588055
0 0.6165134099616858 0.6028177641653905 0.039476372924648784 0.041761102603369064
0 0.7726692209450831 0.6007197549770291 0.029029374201787996 0.051516079632465545
0 0.9218646232439337 0.6035068912710566 0.03250319284802043 0.043154670750382845
1 0.7993742017879949 0.38981623277182237 0.05224776500638569 0.05290964777947932
1 0.8034355044699872 0.6598928024502297 0.04412515964240102 0.03620214395099541
2 0.29431673052362706 0.756646248085758 0.038314176245210725 0.02923430321592649
3 0.3204469987228608 0.12669218989280245 0.039476372924648784 0.06683001531393568
3 0.322183908045977 0.3967687595712098 0.03366538952745849 0.05012251148545176
3 0.3233461047254151 0.6571056661562021 0.038314176245210725 0.047335375191424195
4 0.3982375478927203 0.6571056661562021 0.039476372924648784 0.05012251148545176
4 0.3982375478927203 0.3925880551301685 0.03482758620689655 0.05012251148545176
4 0.39417624521072797 0.13364471669218989 0.047598978288633464 0.05290964777947932
5 0.4725415070242657 0.3967687595712098 0.037151979565772666 0.0389739663093415
16 0.6455300127713921 0.3946860643185299 0.037151979565772666 0.043154670750382845
16 0.6443805874840358 0.6557120980091884 0.039476372924648784 0.047335375191424195
24 0.5398850574712644 0.3939816232771822 0.03250319284802043 0.047335375191424195
24 0.5381353767560664 0.6571056661562021 0.03598978288633461 0.05012251148545176
23 0.7180970625798212 0.6529249617151608 0.047598978288633464 0.041761102603369064
21 0.939272030651341 0.6578101071975498 0.048761174968071516 0.03759571209800919