0 0.08692971639950678 0.5366032210834554 0.040690505548705305 0.048316251830161056
0 0.2373612823674476 0.5380673499267935 0.035758323057953144 0.048316251830161056
0 0.38224414303329224 0.5344070278184481 0.036991368680641186 0.05856515373352855
15 0.18249075215782984 0.20937042459736457 0.09124537607891492 0.04978038067349927
15 0.35758323057953145 0.19912152269399708 0.07151664611590629 0.043923865300146414
15 0.528976572133169 0.20644216691068815 0.07151664611590629 0.040995607613469986
15 0.6979038224414303 0.20131771595900438 0.07151664611590629 0.048316251830161056
15 0.8471023427866831 0.0739385065885798 0.05672009864364982 0.06881405563689605
15 0.8514180024660912 0.2840409956076135 0.055487053020961775 0.09077598828696926
15 0.1843403205918619 0.4633967789165447 0.07028360049321825 0.05710102489019034
15 0.3569667077681874 0.4685212298682284 0.0752157829839704 0.040995607613469986
15 0.5252774352651048 0.4707174231332357 0.093711467324291 0.04538799414348463
15 0.6954377311960542 0.4677891654465593 0.07151664611590629 0.05124450951683748
15 0.8483353884093712 0.479502196193265 0.036991368680641186 0.06881405563689605
15 0.8464858199753391 0.6808199121522694 0.04808877928483354 0.0849194729136164
15 0.8489519112207151 0.8865300146412884 0.04562268803945746 0.09809663250366032
8 0.03020961775585697 0.08125915080527087 0.05055487053020962 0.048316251830161056
25 0.032059186189889025 0.1698389458272328 0.051787916152897656 0.032210834553440704
26 0.5178791615289766 0.5849194729136163 0.04932182490752158 0.03367496339677892
25 0.03020961775585697 0.4238653001464129 0.05795314426633785 0.03953147877013177
7 0.030826140567200986 0.33455344070278187 0.04932182490752158 0.04538799414348463
21 0.08939580764488286 0.33528550512445093 0.05055487053020962 0.032210834553440704
27 0.10850801479654747 0.3806734992679356 0.06165228113440197 0.04685212298682284