0 0.07997557997557997 0.03701015965166909 0.03296703296703297 0.036284470246734396
0 0.22344322344322345 0.03483309143686502 0.02197802197802198 0.03483309143686502
0 0.37423687423687424 0.03701015965166909 0.0231990231990232 0.03918722786647315
0 0.5158730158730159 0.033381712626995644 0.030525030525030524 0.03193033381712627
0 0.13797313797313798 0.28664731494920176 0.026862026862026864 0.03918722786647315
0 0.2802197802197802 0.2808417997097242 0.03296703296703297 0.0420899854862119
0 0.4267399267399267 0.2808417997097242 0.028083028083028084 0.05370101596516691
0 0.1385836385836386 0.5362844702467344 0.03296703296703297 0.036284470246734396
0 0.28327228327228327 0.5297532656023222 0.04151404151404151 0.040638606676342524
0 0.42124542124542125 0.5333817126269956 0.03418803418803419 0.047895500725689405
15 0.24358974358974358 0.944121915820029 0.07692307692307693 0.033381712626995644
15 0.40476190476190477 0.9397677793904209 0.07448107448107448 0.062409288824383166
15 0.5708180708180708 0.9412191582002902 0.07203907203907203 0.05370101596516691
15 0.7387057387057387 0.941944847605225 0.08547008547008547 0.055152394775036286
26 0.5622710622710623 0.3309143686502177 0.047619047619047616 0.03773584905660377
26 0.5586080586080586 0.5849056603773585 0.052503052503052504 0.03193033381712627
22 0.02197802197802198 0.8301886792452831 0.03418803418803419 0.02902757619738752
28 0.04151404151404151 0.8715529753265603 0.06105006105006105 0.03918722786647315
8 0.07936507936507936 0.8287373004354136 0.0463980463980464 0.03773584905660377
25 0.08058608058608059 0.918722786647315 0.04884004884004884 0.02902757619738752
40 0.2606837606837607 0.11248185776487664 0.028083028083028084 0.033381712626995644
32 0.30036630036630035 0.11393323657474601 0.04151404151404151 0.033381712626995644
21 0.5 0.08200290275761973 0.052503052503052504 0.030478955007256895
21 0.5873015873015873 0.08127721335268505 0.05860805860805861 0.03773584905660377
34 0.5018315018315018 0.12336719883889695 0.019536019536019536 0.04354136429608128