0 0.20133010882708585 0.5319767441860465 0.02781136638452237 0.0436046511627907
0 0.34280532043530837 0.532703488372093 0.032648125755743655 0.03924418604651163
0 0.056831922611850064 0.7776162790697675 0.03143893591293833 0.04941860465116279
0 0.20193470374848851 0.78125 0.036275695284159616 0.03343023255813953
0 0.34280532043530837 0.7819767441860465 0.037484885126964934 0.0436046511627907
15 0.21644498186215236 0.7143895348837209 0.07255139056831923 0.04215116279069767
15 0.38210399032648124 0.7143895348837209 0.060459492140266025 0.050872093023255814
15 0.5411124546553809 0.7107558139534884 0.08101571946795647 0.055232558139534885
15 0.7218863361547763 0.7085755813953488 0.08464328899637243 0.0625
15 0.8597339782345829 0.875 0.05562273276904474 0.09011627906976744
21 0.11305925030229746 0.5792151162790697 0.049576783555018135 0.036337209302325583
21 0.4117291414752116 0.5748546511627907 0.0592503022974607 0.030523255813953487
21 0.41717049576783555 0.8292151162790697 0.06287787182587666 0.03343023255813953
38 0.4153567110036276 0.6191860465116279 0.049576783555018135 0.03488372093023256
38 0.4165659008464329 0.8619186046511628 0.044740024183796856 0.03197674418604651
7 0.05562273276904474 0.5828488372093024 0.05562273276904474 0.040697674418604654
27 0.13422007255139057 0.6300872093023255 0.06529625151148731 0.050872093023255814
25 0.0562273276904474 0.6671511627906976 0.049576783555018135 0.03197674418604651
0 0.053204353083434096 0.5268895348837209 0.03385731559854897 0.04505813953488372