0 0.4596737766624843 0.03770739064856712 0.027377666248431617 0.03702865761689291
0 0.1779422835633626 0.06238310708898944 0.03649937264742786 0.02330316742081448
0 0.17565872020075282 0.23310708898944194 0.047904642409033873 0.03291101055806938
0 0.17109159347553327 0.40998491704374057 0.041066499372647426 0.03565610859728507
0 0.1785069008782936 0.5902865761689291 0.030803011292346298 0.05346907993966818
0 0.20131744040150562 0.7445550527903468 0.030803011292346298 0.03565610859728507
0 0.17052697616060225 0.7733484162895928 0.033074027603513176 0.03291101055806938
0 0.20018820577164367 0.9221116138763198 0.033074027603513176 0.026048265460030164
0 0.17451693851944794 0.9509049773755657 0.03193224592220828 0.034283559577677224
0 0.6096737766624843 0.04182503770739065 0.028519447929736513 0.03702865761689291
0 0.7585319949811794 0.03565610859728507 0.029661229611041406 0.03838612368024132
0 0.7568130489335005 0.29549019607843136 0.028519447929736513 0.04799396681749623
0 0.601693851944793 0.2968627450980392 0.03992471769134254 0.03702865761689291
0 0.46480552070263487 0.30165912518853694 0.030803011292346298 0.049366515837104066
0 0.4328732747804266 0.5498491704374058 0.023952321204516937 0.0438763197586727
0 0.5828732747804266 0.5566968325791855 0.022810539523212044 0.030165912518853696
0 0.7345671267252196 0.552579185520362 0.025094102885821833 0.03838612368024132
0 0.8794353826850689 0.5546455505279035 0.03193224592220828 0.042503770739064854
0 0.8851317440401506 0.8138009049773754 0.03193224592220828 0.04524886877828054
0 0.7305771643663739 0.8124283559577677 0.033074027603513176 0.04524886877828054
0 0.5840025094102885 0.8096832579185521 0.034215809284818065 0.04524886877828054
0 0.4323086574654956 0.8096832579185521 0.03193224592220828 0.042503770739064854
1 0.7916060225846926 0.0877526395173454 0.04562107904642409 0.03838612368024132
1 0.7921706398996236 0.3462292609351433 0.049046424090338776 0.04799396681749623
1 0.7927478042659976 0.605369532428356 0.04562107904642409 0.042503770739064854
1 0.7916060225846926 0.865897435897436 0.04562107904642409 0.04524886877828054
3 0.31938519447929736 0.08638009049773757 0.041066499372647426 0.04113122171945701
3 0.31938519447929736 0.34553544494720967 0.03878293601003764 0.0438763197586727
3 0.31766624843161856 0.6039969834087481 0.033074027603513176 0.05346907993966818
3 0.3199498117942284 0.8624736048265461 0.037641154328732745 0.0438763197586727
4 0.39352572145545794 0.08570135746606335 0.03649937264742786 0.03975867269984917
4 0.39352572145545794 0.3469079939668175 0.03649937264742786 0.0438763197586727
4 0.3923839397741531 0.6033182503770739 0.034215809284818065 0.046621417797888386
4 0.3895232120451694 0.8624736048265461 0.033074027603513176 0.054841628959276016
5 0.4676662484316186 0.08570135746606335 0.03649937264742786 0.042503770739064854
5 0.4682308657465496 0.34895927601809956 0.037641154328732745 0.042503770739064854
5 0.46708908406524463 0.864524886877828 0.03535759096612296 0.05073906485671192
16 0.636474278544542 0.08638009049773757 0.03878293601003764 0.04113122171945701
16 0.6227854454203262 0.351025641025641 0.050188205771643665 0.052111613876319754
16 0.6353324968632371 0.6067420814479638 0.04335006273525721 0.05073906485671192
16 0.6404642409033877 0.8652187028657616 0.0444792973651192 0.049366515837104066
24 0.5286825595984944 0.08844645550527903 0.03535759096612296 0.04799396681749623
24 0.5286825595984944 0.34553544494720967 0.03535759096612296 0.04113122171945701
24 0.5309661229611041 0.6019457013574661 0.037641154328732745 0.04113122171945701
24 0.5269761606022585 0.8624736048265461 0.041066499372647426 0.057586726998491704
23 0.7094730238393978 0.6046907993966818 0.050188205771643665 0.046621417797888386
21 0.8566248431618569 0.8652187028657616 0.04562107904642409 0.04113122171945701
21 0.856047678795483 0.08844645550527903 0.051329987452948554 0.03975867269984917
33 0.8537641154328733 0.13232277526395175 0.046762860727728985 0.034283559577677224
33 0.8566248431618569 0.38941176470588235 0.041066499372647426 0.0438763197586727
21 0.8543412797992471 0.34553544494720967 0.054755332496863235 0.04113122171945701
21 0.9267754077791719 0.6067420814479638 0.04220828105395232 0.031538461538461536
33 0.8571894604767879 0.9111463046757164 0.037641154328732745 0.042503770739064854