0 0.4551122194513716 0.04055944055944056 0.02493765586034913 0.03636363636363636
0 0.5991271820448878 0.03636363636363636 0.02369077306733167 0.03076923076923077
0 0.7487531172069826 0.04055944055944056 0.03615960099750624 0.04755244755244755
0 0.19950124688279303 0.06713286713286713 0.029925187032418952 0.027972027972027972
0 0.17206982543640897 0.0951048951048951 0.03740648379052369 0.033566433566433566
0 0.19389027431421446 0.22517482517482518 0.03366583541147132 0.03636363636363636
0 0.17581047381546136 0.2573426573426573 0.02743142144638404 0.03076923076923077
0 0.46508728179551123 0.27972027972027974 0.03740648379052369 0.027972027972027972
0 0.6122194513715711 0.279020979020979 0.02743142144638404 0.04055944055944056
0 0.7581047381546134 0.2755244755244755 0.03740648379052369 0.044755244755244755
0 0.9083541147132169 0.28251748251748254 0.03615960099750624 0.039160839160839164
0 0.19825436408977556 0.3895104895104895 0.022443890274314215 0.043356643356643354
0 0.17206982543640897 0.42027972027972027 0.034912718204488775 0.03496503496503497
0 0.4925187032418953 0.5174825174825175 0.032418952618453865 0.04755244755244755
0 0.6427680798004988 0.5160839160839161 0.043640897755610975 0.04755244755244755
0 0.7942643391521197 0.5174825174825175 0.032418952618453865 0.03636363636363636
0 0.9339152119700748 0.5244755244755245 0.034912718204488775 0.06153846153846154
0 0.9077306733167082 0.7580419580419581 0.03740648379052369 0.04755244755244755
0 0.7531172069825436 0.7580419580419581 0.02743142144638404 0.03636363636363636
0 0.60785536159601 0.7566433566433567 0.026184538653366583 0.033566433566433566
0 0.4613466334164589 0.7573426573426574 0.034912718204488775 0.046153846153846156
0 0.19825436408977556 0.5622377622377622 0.034912718204488775 0.027972027972027972
0 0.17206982543640897 0.5888111888111888 0.032418952618453865 0.033566433566433566
0 0.19513715710723192 0.727972027972028 0.026184538653366583 0.04055944055944056
0 0.17206982543640897 0.7573426573426574 0.034912718204488775 0.02937062937062937
0 0.19513715710723192 0.8944055944055944 0.028678304239401497 0.023776223776223775
0 0.17144638403990026 0.9167832167832168 0.03117206982543641 0.03776223776223776
1 0.7874064837905237 0.08461538461538462 0.046134663341645885 0.04055944055944056
1 0.7917705735660848 0.32867132867132864 0.0399002493765586 0.044755244755244755
1 0.7824189526184538 0.5657342657342658 0.043640897755610975 0.043356643356643354
1 0.7817955112219451 0.8076923076923077 0.0399002493765586 0.04055944055944056
2 0.2899002493765586 0.9 0.043640897755610975 0.03496503496503497
3 0.31483790523690774 0.08671328671328671 0.03865336658354115 0.04195804195804196
3 0.31546134663341646 0.32447552447552447 0.03740648379052369 0.04195804195804196
3 0.3160847880299252 0.5629370629370629 0.03865336658354115 0.046153846153846156
3 0.314214463840399 0.8062937062937063 0.032418952618453865 0.046153846153846156
4 0.3877805486284289 0.08461538461538462 0.034912718204488775 0.046153846153846156
4 0.39027431421446385 0.3258741258741259 0.034912718204488775 0.04195804195804196
4 0.38840399002493764 0.5685314685314685 0.03865336658354115 0.043356643356643354
4 0.38965087281795513 0.8062937062937063 0.03615960099750624 0.043356643356643354
5 0.46571072319201995 0.08181818181818182 0.03366583541147132 0.04895104895104895
5 0.4619700748129676 0.5636363636363636 0.03615960099750624 0.044755244755244755
16 0.6315461346633416 0.08601398601398601 0.03615960099750624 0.04055944055944056
16 0.6340399002493765 0.32517482517482516 0.03366583541147132 0.043356643356643354
16 0.6309226932668329 0.5664335664335665 0.03740648379052369 0.044755244755244755
16 0.6309226932668329 0.8055944055944056 0.03740648379052369 0.039160839160839164
23 0.706359102244389 0.8055944055944056 0.046134663341645885 0.04755244755244755
24 0.5261845386533666 0.08811188811188811 0.03740648379052369 0.04195804195804196
24 0.529925187032419 0.32517482517482516 0.03740648379052369 0.04055944055944056
24 0.5293017456359103 0.5636363636363636 0.03615960099750624 0.05874125874125874
24 0.5261845386533666 0.806993006993007 0.03740648379052369 0.04755244755244755
21 0.8566084788029925 0.08461538461538462 0.05486284289276808 0.03776223776223776
21 0.8453865336658354 0.5636363636363636 0.05486284289276808 0.033566433566433566
21 0.9239401496259352 0.8076923076923077 0.034912718204488775 0.023776223776223775
33 0.8553615960099751 0.1258741258741259 0.0399002493765586 0.044755244755244755
33 0.8485037406483791 0.6041958041958042 0.04114713216957606 0.033566433566433566
22 0.9619700748129676 0.3258741258741259 0.04114713216957606 0.03636363636363636
28 0.9731920199501247 0.3678321678321678 0.05361596009975062 0.044755244755244755