0 0.07496823379923762 0.03561046511627907 0.03303684879288437 0.04215116279069767
0 0.22554002541296062 0.03125 0.0241423125794155 0.03924418604651163
0 0.37166454891994916 0.03197674418604651 0.03176620076238882 0.046511627906976744
26 0.5139771283354511 0.08212209302325581 0.044472681067344345 0.036337209302325583
30 0.4720457433290978 0.45421511627906974 0.06734434561626429 0.05377906976744186
0 0.044472681067344345 0.532703488372093 0.035578144853875476 0.04796511627906977
0 0.19440914866581957 0.532703488372093 0.030495552731893267 0.050872093023255814
0 0.3468869123252859 0.534156976744186 0.02795425667090216 0.04505813953488372
21 0.0806861499364676 0.3328488372093023 0.052096569250317665 0.03197674418604651
21 0.4491740787801779 0.5821220930232558 0.04701397712833545 0.03343023255813953
22 0.2878017789072427 0.3321220930232558 0.03939008894536213 0.03343023255813953
22 0.3335451080050826 0.3328488372093023 0.036848792884371026 0.03488372093023256
40 0.19949174078780177 0.3633720930232558 0.03811944091486658 0.03488372093023256
32 0.241423125794155 0.36119186046511625 0.04066073697585769 0.030523255813953487
34 0.45171537484116897 0.6242732558139535 0.026683608640406607 0.04505813953488372