0 0.05965559655596556 0.2888243831640058 0.028290282902829027 0.040638606676342524
0 0.20602706027060272 0.2880986937590711 0.020910209102091022 0.036284470246734396
0 0.35178351783517836 0.28664731494920176 0.02214022140221402 0.033381712626995644
15 0.18511685116851168 0.4753265602322206 0.06765067650676507 0.04499274310595065
15 0.35854858548585483 0.4753265602322206 0.06765067650676507 0.04499274310595065
15 0.5276752767527675 0.46879535558780844 0.05904059040590406 0.04644412191582003
15 0.6968019680196802 0.4709724238026125 0.06027060270602706 0.04499274310595065
15 0.19126691266912668 0.7002902757619739 0.07011070110701106 0.04499274310595065
15 0.35547355473554737 0.6981132075471698 0.07626076260762607 0.04354136429608128
15 0.527060270602706 0.6973875181422351 0.07503075030750307 0.047895500725689405
15 0.6924969249692496 0.6959361393323658 0.08364083640836409 0.05079825834542816
15 0.8450184501845018 0.8701015965166908 0.04920049200492005 0.08272859216255443
15 0.8468634686346863 0.6705370101596516 0.04551045510455105 0.0783744557329463
15 0.8444034440344403 0.4760522496371553 0.04305043050430504 0.07547169811320754
15 0.8511685116851169 0.2728592162554427 0.046740467404674045 0.07547169811320754
15 0.8462484624846248 0.06821480406386067 0.041820418204182044 0.06966618287373004
7 0.033825338253382534 0.3381712626995646 0.04797047970479705 0.04354136429608128
21 0.0928659286592866 0.34252539912917274 0.055350553505535055 0.02902757619738752
21 0.45571955719557194 0.3381712626995646 0.04797047970479705 0.02902757619738752
34 0.4575645756457565 0.37735849056603776 0.02214022140221402 0.040638606676342524
27 0.10947109471094711 0.38243831640058057 0.05904059040590406 0.036284470246734396
25 0.032595325953259535 0.42670537010159654 0.04551045510455105 0.03773584905660377
25 0.033210332103321034 0.6756168359941945 0.04428044280442804 0.033381712626995644
8 0.03198031980319803 0.5856313497822931 0.04428044280442804 0.036284470246734396