0 0.10743321718931476 0.5212164073550212 0.029036004645760744 0.05233380480905234
0 0.2415795586527294 0.5226308345120226 0.03716608594657375 0.03536067892503536
0 0.37688734030197446 0.521923620933522 0.036004645760743324 0.04809052333804809
15 0.22415795586527293 0.44130127298444133 0.05807200929152149 0.04809052333804809
15 0.3879210220673635 0.44271570014144274 0.07665505226480836 0.04526166902404526
15 0.543704994192799 0.4428288543140028 0.07781649245063879 0.05233380480905234
15 0.7032520325203252 0.43564356435643564 0.06387921022067364 0.056577086280056574
15 0.8484320557491289 0.0785007072135785 0.03832752613240418 0.06930693069306931
15 0.8461091753774681 0.26732673267326734 0.04065040650406504 0.07637906647807638
15 0.8466898954703833 0.47312588401697314 0.041811846689895474 0.06930693069306931
15 0.8495934959349594 0.6669024045261669 0.03832752613240418 0.06364922206506365
17 0.9686411149825784 0.5891089108910891 0.03716608594657375 0.05233380480905234
22 0.02032520325203252 0.326025459688826 0.03368176538908246 0.03818953323903819
8 0.07665505226480836 0.3302687411598303 0.04878048780487805 0.04101838755304102
25 0.07549361207897794 0.41513437057991515 0.04645760743321719 0.03253182461103253
28 0.03542392566782811 0.371994342291372 0.059233449477351915 0.042432814710042434
21 0.47851335656213706 0.5693069306930693 0.04413472706155633 0.0297029702970297
34 0.47735191637630664 0.611032531824611 0.025551684088269456 0.04526166902404526