30 0.486469864698647 0.46008708272859217 0.06027060270602706 0.04934687953555878
0 0.0996309963099631 0.038461538461538464 0.041820418204182044 0.03918722786647315
0 0.24600246002460024 0.03773584905660377 0.03444034440344403 0.03773584905660377
0 0.3923739237392374 0.03701015965166909 0.03936039360393604 0.036284470246734396
26 0.52460024600246 0.08490566037735849 0.04305043050430504 0.03918722786647315
15 0.2029520295202952 0.7198838896952104 0.06888068880688807 0.04644412191582003
15 0.37330873308733087 0.7097242380261248 0.09225092250922509 0.06676342525399129
15 0.5461254612546126 0.7220609579100146 0.06396063960639606 0.03918722786647315
15 0.7152521525215252 0.7089985486211902 0.06765067650676507 0.062409288824383166
15 0.8591635916359164 0.865021770682148 0.03567035670356704 0.07547169811320754
21 0.10762607626076261 0.3309143686502177 0.05289052890528905 0.03483309143686502
22 0.3062730627306273 0.3330914368650218 0.041820418204182044 0.03918722786647315
22 0.35178351783517836 0.33236574746008707 0.041820418204182044 0.03773584905660377
40 0.22509225092250923 0.36502177068214803 0.03444034440344403 0.036284470246734396
32 0.26199261992619927 0.36429608127721336 0.03444034440344403 0.03483309143686502
21 0.1014760147601476 0.5849056603773585 0.05043050430504305 0.03483309143686502
7 0.041820418204182044 0.5820029027576198 0.04920049200492005 0.03773584905660377
25 0.04120541205412054 0.6690856313497823 0.05043050430504305 0.03193033381712627
27 0.11869618696186962 0.6248185776487664 0.06273062730627306 0.0420899854862119