0 0.49501246882793015 0.03907380607814761 0.022443890274314215 0.03183791606367583
0 0.64214463840399 0.04052098408104197 0.02743142144638404 0.03762662807525326
0 0.7917705735660848 0.04341534008683068 0.029925187032418952 0.03473227206946455
0 0.9389027431421446 0.04052098408104197 0.02743142144638404 0.04052098408104197
0 0.17643391521197008 0.2460202604920405 0.03117206982543641 0.02604920405209841
0 0.5049875311720698 0.28871201157742404 0.022443890274314215 0.03907380607814761
0 0.6539900249376559 0.28871201157742404 0.02119700748129676 0.03907380607814761
0 0.7992518703241895 0.28798842257597684 0.029925187032418952 0.04630969609261939
0 0.949501246882793 0.28798842257597684 0.03366583541147132 0.04341534008683068
0 0.17768079800498754 0.41678726483357453 0.03117206982543641 0.03473227206946455
0 0.17955112219451372 0.58972503617945 0.029925187032418952 0.03328509406657019
0 0.17518703241895262 0.7575976845151954 0.03865336658354115 0.03328509406657019
0 0.17643391521197008 0.9290882778581766 0.028678304239401497 0.04052098408104197
0 0.5012468827930174 0.540520984081042 0.034912718204488775 0.041968162083936326
0 0.6502493765586035 0.5354558610709117 0.028678304239401497 0.03183791606367583
0 0.7961346633416458 0.5376266280752533 0.02369077306733167 0.0361794500723589
0 0.9413965087281796 0.5318379160636758 0.02743142144638404 0.03907380607814761
0 0.7543640897755611 0.7807525325615051 0.02743142144638404 0.03907380607814761
0 0.6053615960099751 0.7821997105643994 0.028678304239401497 0.030390738060781478
0 0.45822942643391523 0.7771345875542692 0.03117206982543641 0.03473227206946455
1 0.7880299251870324 0.5875542691751086 0.04239401496259352 0.03473227206946455
1 0.7911471321695761 0.8321273516642547 0.03865336658354115 0.04052098408104197
21 0.8541147132169576 0.8335745296671491 0.05236907730673317 0.03473227206946455
33 0.8541147132169576 0.8784370477568741 0.03740648379052369 0.03473227206946455
3 0.3179551122194514 0.09044862518089725 0.0399002493765586 0.041968162083936326
3 0.31982543640897754 0.3379160636758321 0.03615960099750624 0.041968162083936326
3 0.321072319201995 0.5861070911722142 0.04114713216957606 0.03762662807525326
3 0.321072319201995 0.8328509406657019 0.03117206982543641 0.041968162083936326
4 0.3933915211970075 0.3386396526772793 0.03865336658354115 0.049204052098408106
4 0.39214463840399 0.5875542691751086 0.03366583541147132 0.04052098408104197
4 0.39276807980049877 0.8328509406657019 0.032418952618453865 0.041968162083936326
5 0.46633416458852867 0.8335745296671491 0.0399002493765586 0.04052098408104197
16 0.6340399002493765 0.8357452966714906 0.03366583541147132 0.03907380607814761
16 0.6334164588528678 0.585383502170767 0.03740648379052369 0.041968162083936326
24 0.5286783042394015 0.5861070911722142 0.04239401496259352 0.05209840810419682
24 0.5324189526184538 0.8357452966714906 0.0399002493765586 0.04775687409551375