0 0.4804216073781291 0.03941471571906355 0.031054018445322795 0.03822742474916388
0 0.6366403162055335 0.045384615384615384 0.029169960474308303 0.040618729096989964
0 0.7867457180500659 0.04240802675585284 0.03575757575757576 0.044197324414715716
0 0.17880105401844534 0.1564715719063545 0.02823451910408432 0.01911371237458194
0 0.2093939393939394 0.18394648829431437 0.03670619235836627 0.03105351170568562
0 0.18163372859025034 0.3541638795986622 0.030118577075098813 0.029866220735785952
0 0.2056258234519104 0.3810367892976589 0.023530961791831357 0.033444816053511704
0 0.4898418972332016 0.3290802675585284 0.02728590250329381 0.03941471571906355
0 0.6484057971014493 0.32668896321070234 0.02823451910408432 0.044197324414715716
0 0.8018050065876153 0.3290802675585284 0.03200263504611331 0.03702341137123746
0 0.9599077733860343 0.3284782608695652 0.030118577075098813 0.040618729096989964
0 0.953794466403162 0.6127591973244148 0.02541501976284585 0.05016722408026756
0 0.7980368906455864 0.6109698996655518 0.03200263504611331 0.044197324414715716
0 0.6413570487483531 0.6145484949832776 0.02728590250329381 0.04658862876254181
0 0.4860737812911726 0.6157357859531772 0.029169960474308303 0.044197324414715716
0 0.18209486166007907 0.5524414715719064 0.029169960474308303 0.03463210702341137
0 0.20703557312252963 0.5787123745819398 0.03764163372859025 0.03702341137123746
0 0.18163372859025034 0.7525083612040134 0.033873517786561266 0.03105351170568562
0 0.20421607378129117 0.7764046822742475 0.033873517786561266 0.03105351170568562
2 0.30538866930171277 0.7841638795986622 0.038590250329380765 0.03702341137123746
1 0.8272200263504611 0.09675585284280937 0.04704874835309618 0.040618729096989964
1 0.8286297760210803 0.6700836120401338 0.05552042160737813 0.0429933110367893
3 0.3317391304347826 0.09675585284280937 0.03670619235836627 0.045384615384615384
3 0.3326745718050066 0.38461538461538464 0.03670619235836627 0.05016722408026756
3 0.3336100131752306 0.6706856187290969 0.031054018445322795 0.04180602006688963
4 0.4070223978919631 0.09973244147157191 0.038590250329380765 0.05374581939799331
4 0.4093675889328063 0.38521739130434784 0.03764163372859025 0.044197324414715716
4 0.4103162055335968 0.6718896321070235 0.04329380764163373 0.05374581939799331
5 0.48889328063241105 0.09854515050167224 0.03670619235836627 0.04658862876254181
16 0.6672332015810277 0.10391304347826087 0.04329380764163373 0.052558528428093644
16 0.6634650856389986 0.6742642140468227 0.033873517786561266 0.044197324414715716
24 0.5571277997364954 0.09794314381270904 0.03575757575757576 0.0429933110367893
24 0.5561791831357048 0.6712876254180602 0.033873517786561266 0.045384615384615384
23 0.7415810276679842 0.6736789297658863 0.04704874835309618 0.0429933110367893
21 0.8977997364953886 0.09854515050167224 0.052700922266139656 0.044197324414715716
21 0.9697891963109355 0.6712876254180602 0.042345191040843215 0.03105351170568562
33 0.8949802371541502 0.14632107023411373 0.039525691699604744 0.03702341137123746