0 0.06556372549019608 0.04148471615720524 0.0428921568627451 0.04512372634643377
0 0.21323529411764705 0.043668122270742356 0.03431372549019608 0.043668122270742356
0 0.3541666666666667 0.039301310043668124 0.03431372549019608 0.040756914119359534
0 0.0661764705882353 0.2889374090247453 0.022058823529411766 0.04512372634643377
0 0.20955882352941177 0.2889374090247453 0.03676470588235294 0.03056768558951965
0 0.3560049019607843 0.2903930131004367 0.03308823529411765 0.042212518195050945
15 0.8553921568627451 0.018922852983988356 0.07598039215686274 0.03784570596797671
15 0.8504901960784313 0.2096069868995633 0.04656862745098039 0.08442503639010189
15 0.8511029411764706 0.42066957787481807 0.05269607843137255 0.09315866084425037
15 0.8547794117647058 0.62372634643377 0.0428921568627451 0.07423580786026202
15 0.84375 0.8282387190684134 0.05269607843137255 0.09315866084425037
15 0.7040441176470589 0.46870451237263466 0.07720588235294118 0.043668122270742356
15 0.5392156862745098 0.4737991266375546 0.08823529411764706 0.039301310043668124
15 0.36519607843137253 0.475254730713246 0.0784313725490196 0.053857350800582245
15 0.18443627450980393 0.4745269286754003 0.0821078431372549 0.05240174672489083
21 0.46262254901960786 0.08951965065502183 0.05024509803921569 0.039301310043668124
21 0.45955882352941174 0.33260553129548764 0.06372549019607843 0.039301310043668124
34 0.46017156862745096 0.13173216885007277 0.03308823529411765 0.04512372634643377
38 0.45894607843137253 0.3697234352256186 0.0428921568627451 0.03784570596797671
21 0.09926470588235294 0.3420669577874818 0.049019607843137254 0.03202328966521106
7 0.03676470588235294 0.3384279475982533 0.04656862745098039 0.042212518195050945
27 0.11519607843137254 0.38282387190684136 0.0661764705882353 0.043668122270742356
25 0.03799019607843137 0.4272197962154294 0.049019607843137254 0.033478893740902474
40 0.22058823529411764 0.8653566229985444 0.029411764705882353 0.033478893740902474
32 0.25674019607843135 0.868995633187773 0.03308823529411765 0.040756914119359534