30 0.4800498753117207 0.2128 0.07821695760598503 0.04579259259259259
0 0.05610972568578554 0.5468 0.028341645885286783 0.0404
0 0.20290523690773066 0.5427555555555555 0.027206982543640897 0.0404
0 0.3525311720698255 0.5441037037037036 0.02493765586034913 0.035022222222222225
0 0.057805486284289276 0.7973037037037036 0.022668329177057356 0.0404
0 0.20460099750623442 0.7973037037037036 0.030610972568578556 0.04579259259259259
0 0.3496882793017456 0.7973037037037036 0.03513715710723192 0.04579259259259259
15 0.18816708229426435 0.4585925925925926 0.0566708229426434 0.044444444444444446
15 0.36726932668329176 0.4599259259259259 0.07027431421446384 0.04714074074074074
15 0.5316209476309227 0.4558962962962963 0.07935162094763093 0.0606074074074074
15 0.7067581047381547 0.45656296296296295 0.06913965087281795 0.06465185185185185
15 0.8569451371571072 0.6060592592592592 0.04987531172069826 0.09158518518518519
15 0.859214463840399 0.8356888888888889 0.047605985037406484 0.07137777777777778
15 0.7146882793017456 0.9636296296296297 0.08501246882793018 0.04714074074074074
15 0.5367206982543641 0.967674074074074 0.07821695760598503 0.03637037037037037
15 0.3621571072319202 0.9683555555555555 0.07821695760598503 0.0430962962962963
15 0.18759351620947629 0.9656592592592593 0.07594763092269326 0.0430962962962963
21 0.09407730673316708 0.08955555555555555 0.061209476309226934 0.03637037037037037
21 0.4585162094763092 0.5946074074074075 0.05327930174563591 0.03367407407407407
21 0.4585162094763092 0.8498370370370371 0.05327930174563591 0.037703703703703705
22 0.29698254364089777 0.08754074074074075 0.03854114713216958 0.035022222222222225
22 0.3400623441396509 0.08552592592592592 0.04533665835411471 0.03905185185185185
25 0.028902743142144638 0.4309777777777778 0.046471321695760605 0.032325925925925925
25 0.028902743142144638 0.9393925925925927 0.046471321695760605 0.030977777777777778
8 0.030037406483790524 0.3420888888888889 0.051009975062344136 0.05656296296296296
8 0.026633416458852865 0.8478074074074073 0.04874064837905237 0.044444444444444446
34 0.4579426433915212 0.6377037037037037 0.020399002493765587 0.0606074074074074
38 0.4613466334164589 0.8855259259259259 0.040810473815461344 0.03367407407407407