0 0.4987562189054726 0.044797687861271675 0.022388059701492536 0.04046242774566474
0 0.6461442786069652 0.039739884393063585 0.026119402985074626 0.036127167630057806
0 0.7947761194029851 0.04190751445086705 0.02736318407960199 0.03757225433526012
0 0.9347014925373134 0.046242774566473986 0.03855721393034826 0.046242774566473986
0 0.9079601990049752 0.2897398843930636 0.022388059701492536 0.04190751445086705
0 0.7593283582089553 0.29190751445086704 0.03109452736318408 0.04335260115606936
0 0.6125621890547264 0.2940751445086705 0.03109452736318408 0.04190751445086705
0 0.4633084577114428 0.28901734104046245 0.036069651741293535 0.05202312138728324
0 0.17164179104477612 0.21459537572254336 0.0472636815920398 0.03901734104046243
0 0.17101990049751245 0.375 0.041044776119402986 0.05057803468208093
0 0.1722636815920398 0.5498554913294798 0.043532338308457715 0.033236994219653176
0 0.17101990049751245 0.7247109826589595 0.033582089552238806 0.04190751445086705
0 0.16977611940298507 0.8908959537572254 0.041044776119402986 0.03901734104046243
0 0.4595771144278607 0.5339595375722543 0.026119402985074626 0.0476878612716763
0 0.6044776119402985 0.5354046242774566 0.03233830845771144 0.03901734104046243
0 0.7518656716417911 0.536849710982659 0.036069651741293535 0.036127167630057806
0 0.900497512437811 0.5397398843930635 0.02736318407960199 0.06502890173410404
0 0.9011194029850746 0.7854046242774566 0.028606965174129355 0.0476878612716763
0 0.7549751243781094 0.7810693641618497 0.02736318407960199 0.04190751445086705
0 0.6050995024875622 0.7861271676300579 0.028606965174129355 0.04335260115606936
0 0.4558457711442786 0.7854046242774566 0.036069651741293535 0.036127167630057806
1 0.7829601990049752 0.588150289017341 0.043532338308457715 0.04335260115606936
1 0.7817164179104478 0.833092485549133 0.048507462686567165 0.03901734104046243
3 0.31529850746268656 0.09465317919075145 0.036069651741293535 0.0476878612716763
3 0.31467661691542287 0.3403179190751445 0.03731343283582089 0.04190751445086705
3 0.31467661691542287 0.5859826589595376 0.03233830845771144 0.0476878612716763
3 0.31094527363184077 0.838150289017341 0.03980099502487562 0.049132947976878616
4 0.3855721393034826 0.09465317919075145 0.03980099502487562 0.0476878612716763
4 0.388681592039801 0.342485549132948 0.036069651741293535 0.046242774566473986
4 0.3880597014925373 0.588150289017341 0.03731343283582089 0.05202312138728324
4 0.38681592039800994 0.8359826589595376 0.03482587064676617 0.05346820809248555
16 0.6274875621890548 0.5903179190751445 0.048507462686567165 0.044797687861271675
5 0.4620646766169154 0.5895953757225434 0.036069651741293535 0.049132947976878616
24 0.5223880597014925 0.5867052023121387 0.03731343283582089 0.046242774566473986
24 0.5236318407960199 0.8338150289017341 0.03731343283582089 0.05202312138728324
22 0.9583333333333334 0.33959537572254334 0.043532338308457715 0.031791907514450865
22 0.9595771144278606 0.833092485549133 0.03855721393034826 0.03901734104046243
28 0.9701492537313433 0.3786127167630058 0.05223880597014925 0.04046242774566474
28 0.9732587064676617 0.8778901734104047 0.053482587064676616 0.0476878612716763