0 0.4970802005012532 0.06820097244732577 0.02506265664160401 0.04457050243111831
0 0.6490225563909774 0.07158833063209076 0.02819548872180451 0.037811993517017826
0 0.7973057644110275 0.3464343598055105 0.02819548872180451 0.060777957860615885
0 0.9414160401002506 0.3491410048622366 0.030288220551378447 0.04457050243111831
0 0.6464035087719299 0.34372771474878444 0.04176691729323308 0.04727714748784441
0 0.5022932330827068 0.3491410048622366 0.03759398496240601 0.0526742301458671
0 0.19840852130325817 0.11952998379254456 0.035501253132832075 0.02565640194489465
0 0.1743984962406015 0.1458670988654781 0.03342105263157895 0.02970826580226904
0 0.19789473684210523 0.3113128038897893 0.030288220551378447 0.03646677471636953
0 0.17543859649122806 0.3356239870340357 0.027155388471177946 0.03376012965964343
0 0.19840852130325817 0.5051377633711508 0.027155388471177946 0.02701782820097245
0 0.1717794486215539 0.5260615883306321 0.030288220551378447 0.03376012965964343
2 0.28718045112781954 0.5105348460291734 0.03342105263157895 0.04322528363047002
1 0.7899999999999999 0.12560777957860617 0.040726817042606514 0.04051863857374392
3 0.31798245614035087 0.12358184764991896 0.038634085213032576 0.049967585089141
3 0.31798245614035087 0.40045380875202596 0.03446115288220551 0.04457050243111831
4 0.3905639097744361 0.12628849270664505 0.03759398496240601 0.0526742301458671
4 0.3895112781954887 0.40450567260940035 0.04176691729323308 0.049967585089141
5 0.4667919799498747 0.12358184764991896 0.043859649122807015 0.060777957860615885
5 0.46418546365914787 0.4038411669367909 0.03446115288220551 0.05401944894651539
16 0.635438596491228 0.12560777957860617 0.038634085213032576 0.04322528363047002
16 0.635438596491228 0.4072123176661264 0.046992481203007516 0.04727714748784441
24 0.5304887218045112 0.12560777957860617 0.04176691729323308 0.04591572123176661
21 0.9241854636591479 0.40653160453808757 0.048032581453634086 0.037811993517017826