0 0.47215189873417723 0.05722460658082976 0.030379746835443037 0.03719599427753934
0 0.6208860759493671 0.05507868383404864 0.021518987341772152 0.030042918454935622
0 0.7651898734177215 0.05722460658082976 0.03417721518987342 0.034334763948497854
0 0.9170886075949367 0.056509298998569386 0.039240506329113925 0.030042918454935622
0 0.1778481012658228 0.08655221745350501 0.03670886075949367 0.0357653791130186
0 0.20379746835443038 0.23605150214592274 0.02278481012658228 0.02575107296137339
0 0.1778481012658228 0.2575107296137339 0.039240506329113925 0.031473533619456366
0 0.4708860759493671 0.30257510729613735 0.017721518987341773 0.032904148783977114
0 0.6196202531645569 0.30185979971387694 0.03164556962025317 0.04005722460658083
0 0.7683544303797468 0.2982832618025751 0.03291139240506329 0.044349070100143065
0 0.9164556962025316 0.30257510729613735 0.030379746835443037 0.04148783977110158
0 0.20632911392405062 0.40701001430615164 0.02531645569620253 0.030042918454935622
0 0.18037974683544303 0.42775393419170243 0.024050632911392405 0.02861230329041488
0 0.20443037974683545 0.5758226037195995 0.026582278481012658 0.030042918454935622
0 0.1778481012658228 0.5937052932761088 0.02911392405063291 0.02575107296137339
0 0.6569620253164556 0.7918454935622318 0.03291139240506329 0.044349070100143065
0 0.5037974683544304 0.7932761087267525 0.035443037974683546 0.0357653791130186
0 0.20822784810126582 0.7474964234620887 0.024050632911392405 0.024320457796852647
0 0.18037974683544303 0.7668097281831188 0.024050632911392405 0.031473533619456366
0 0.20949367088607596 0.9141630901287554 0.04430379746835443 0.02861230329041488
0 0.17405063291139242 0.932761087267525 0.04430379746835443 0.04005722460658083
1 0.7987341772151899 0.1044349070100143 0.060759493670886074 0.034334763948497854
1 0.799367088607595 0.35336194563662376 0.05443037974683544 0.04005722460658083
1 0.7968354430379747 0.8404864091559371 0.05443037974683544 0.04721030042918455
3 0.3240506329113924 0.10658082975679542 0.0379746835443038 0.03862660944206009
3 0.3259493670886076 0.3512160228898426 0.039240506329113925 0.04148783977110158
3 0.3221518987341772 0.5929899856938483 0.03670886075949367 0.04721030042918455
3 0.3221518987341772 0.8419170243204578 0.04177215189873418 0.04148783977110158
4 0.3987341772151899 0.10515021459227468 0.030379746835443037 0.03862660944206009
4 0.3981012658227848 0.35264663805436336 0.04177215189873418 0.04148783977110158
4 0.3981012658227848 0.597997138769671 0.04177215189873418 0.04864091559370529
4 0.3949367088607595 0.8426323319027181 0.04050632911392405 0.04864091559370529
5 0.4740506329113924 0.600143061516452 0.03670886075949367 0.055793991416309016
16 0.6436708860759494 0.8447782546494993 0.03670886075949367 0.03862660944206009
16 0.6449367088607595 0.597997138769671 0.04177215189873418 0.04864091559370529
16 0.6462025316455696 0.3497854077253219 0.03417721518987342 0.044349070100143065
16 0.6335443037974684 0.1044349070100143 0.04430379746835443 0.05150214592274678
23 0.7177215189873418 0.11301859799713877 0.06329113924050633 0.04291845493562232
23 0.7164556962025317 0.351931330472103 0.043037974683544304 0.05150214592274678
24 0.5360759493670886 0.10515021459227468 0.04177215189873418 0.04721030042918455
24 0.5373417721518987 0.351931330472103 0.039240506329113925 0.04005722460658083
24 0.5348101265822784 0.8390557939914163 0.039240506329113925 0.05007153075822604
21 0.9373417721518987 0.3512160228898426 0.04430379746835443 0.027181688125894134