0 0.04247104247104247 0.1028225806451613 0.028314028314028315 0.030913978494623656
0 0.19433719433719435 0.10147849462365591 0.036036036036036036 0.04435483870967742
0 0.34555984555984554 0.10147849462365591 0.032175032175032175 0.041666666666666664
0 0.12998712998713 0.3286290322580645 0.03346203346203346 0.04973118279569892
0 0.2824967824967825 0.33198924731182794 0.03732303732303732 0.04838709677419355
15 0.8359073359073359 0.17069892473118278 0.047619047619047616 0.06182795698924731
15 0.8294723294723295 0.36088709677419356 0.04504504504504504 0.05779569892473118
15 0.8301158301158301 0.5436827956989247 0.03861003861003861 0.06854838709677419
15 0.8281853281853282 0.7379032258064516 0.04247104247104247 0.06451612903225806
15 0.8301158301158301 0.9193548387096774 0.04633204633204633 0.06451612903225806
18 0.898970398970399 0.033602150537634407 0.029601029601029602 0.053763440860215055
18 0.8745173745173745 0.036290322580645164 0.032175032175032175 0.0456989247311828
18 0.898970398970399 0.2211021505376344 0.032175032175032175 0.06317204301075269
18 0.8770913770913771 0.2217741935483871 0.032175032175032175 0.06182795698924731
18 0.9002574002574003 0.40456989247311825 0.02445302445302445 0.05913978494623656
18 0.8770913770913771 0.40591397849462363 0.032175032175032175 0.053763440860215055
18 0.8976833976833977 0.5934139784946236 0.02702702702702703 0.06586021505376344
18 0.8777348777348777 0.5981182795698925 0.03346203346203346 0.06182795698924731
18 0.8976833976833977 0.7869623655913979 0.02702702702702703 0.06317204301075269
18 0.8751608751608752 0.7862903225806451 0.028314028314028315 0.06451612903225806
18 0.9002574002574003 0.9663978494623656 0.029601029601029602 0.051075268817204304
18 0.8770913770913771 0.969758064516129 0.029601029601029602 0.04973118279569892
26 0.48326898326898327 0.14381720430107528 0.047619047619047616 0.03225806451612903
21 0.35971685971685974 0.3743279569892473 0.055341055341055344 0.028225806451612902
38 0.36036036036036034 0.4099462365591398 0.0489060489060489 0.02956989247311828
40 0.20077220077220076 0.6317204301075269 0.03346203346203346 0.03763440860215054
32 0.25997425997426 0.6330645161290323 0.043758043758043756 0.03225806451612903