0 0.01174934725848564 0.0963768115942029 0.02349869451697128 0.04782608695652174
0 0.1618798955613577 0.09855072463768116 0.04699738903394256 0.043478260869565216
0 0.31723237597911225 0.09347826086956522 0.031331592689295036 0.03333333333333333
0 0.4706266318537859 0.08985507246376812 0.04308093994778068 0.0463768115942029
0 0.6279373368146214 0.09492753623188406 0.05221932114882506 0.04492753623188406
0 0.03981723237597911 0.3471014492753623 0.048302872062663184 0.0391304347826087
0 0.1919060052219321 0.34855072463768116 0.04960835509138381 0.05652173913043478
0 0.3531331592689295 0.3427536231884058 0.048302872062663184 0.0536231884057971
26 0.489556135770235 0.391304347826087 0.04177545691906005 0.034782608695652174
30 0.508485639686684 0.2108695652173913 0.0926892950391645 0.042028985507246375
30 0.42297650130548303 0.27318840579710146 0.0731070496083551 0.042028985507246375
30 0.5985639686684073 0.2710144927536232 0.06657963446475196 0.04057971014492753
22 0.30613577023498695 0.14492753623188406 0.04569190600522193 0.034782608695652174
25 0.7349869451697127 0.20507246376811594 0.06005221932114883 0.036231884057971016
25 0.737597911227154 0.26594202898550723 0.057441253263707574 0.02753623188405797
15 0.1475195822454308 0.7760869565217391 0.06527415143603134 0.04782608695652174
15 0.3289817232375979 0.7760869565217391 0.08093994778067885 0.050724637681159424
15 0.5065274151436031 0.7717391304347826 0.06266318537859007 0.04492753623188406
15 0.6788511749347258 0.7739130434782608 0.08093994778067885 0.03768115942028986
15 0.8407310704960835 0.9579710144927536 0.044386422976501305 0.06956521739130435
6 0.672976501305483 0.14492753623188406 0.0587467362924282 0.043478260869565216
6 0.7369451697127938 0.1471014492753623 0.05352480417754569 0.0391304347826087
21 0.0391644908616188 0.6427536231884058 0.05221932114882506 0.036231884057971016
27 0.06592689295039164 0.6847826086956522 0.08224543080939947 0.050724637681159424
18 0.9190600522193212 0.413768115942029 0.033942558746736295 0.06521739130434782
18 0.889686684073107 0.4166666666666667 0.030026109660574413 0.05652173913043478
18 0.9138381201044387 0.6166666666666667 0.02610966057441253 0.06521739130434782
18 0.8844647519582245 0.6181159420289855 0.03263707571801567 0.06521739130434782
18 0.9164490861618799 0.8166666666666667 0.028720626631853787 0.07101449275362319
18 0.8909921671018277 0.8181159420289855 0.02741514360313316 0.06521739130434782