7 0.03640776699029126 0.16483928571428572 0.05228155339805825 0.052196428571428574
21 0.09569174757281552 0.16896428571428573 0.04947815533980583 0.04669642857142857
25 0.03640776699029126 0.2740357142857143 0.05228155339805825 0.04807142857142858
15 0.18856796116504854 0.3276071428571429 0.059745145631067954 0.06182142857142857
15 0.36174757281553394 0.32623214285714286 0.055072815533980586 0.05357142857142857
15 0.5246480582524272 0.32623214285714286 0.06348300970873787 0.03983928571428571
15 0.6926820388349514 0.3276071428571429 0.04854368932038835 0.05632142857142857
15 0.8434466019417476 0.23489285714285713 0.034538834951456314 0.06867857142857144
18 0.9069296116504854 0.29876785714285714 0.028944174757281557 0.06730357142857142
18 0.8831189320388351 0.29807142857142854 0.024271844660194174 0.07967857142857142
18 0.9083252427184466 0.052196428571428574 0.024271844660194174 0.07142857142857142
18 0.8845266990291263 0.05769642857142857 0.023337378640776698 0.06867857142857144
27 0.11902912621359223 0.2156607142857143 0.06814320388349514 0.052196428571428574
17 0.9699393203883495 0.18682142857142858 0.028009708737864077 0.04944642857142857