0 0.4334511189634865 0.08998646820027063 0.028268551236749116 0.036535859269282815
0 0.5730270906949352 0.09133964817320704 0.03180212014134275 0.03924221921515562
0 0.7120141342756183 0.08998646820027063 0.02944640753828033 0.03924221921515562
0 0.8486454652532391 0.08930987821380243 0.02944640753828033 0.04059539918809202
0 0.9893992932862191 0.09133964817320704 0.02120141342756184 0.04194857916102842
0 0.21613663133097763 0.12449255751014884 0.03180212014134275 0.02706359945872801
0 0.14899882214369847 0.2774018944519621 0.04122497055359246 0.04059539918809202
0 0.14546525323910484 0.4330175913396482 0.03651354534746761 0.029769959404600813
0 0.16607773851590105 0.4769959404600812 0.03769140164899882 0.03382949932341001
0 0.1413427561837456 0.5893098782138024 0.0353356890459364 0.028416779431664412
0 0.16313309776207302 0.6312584573748309 0.02944640753828033 0.03112313937753721
0 0.14487632508833923 0.7530446549391069 0.028268551236749116 0.023004059539918808
0 0.15959952885747938 0.7916102841677943 0.02944640753828033 0.02706359945872801
0 0.14487632508833923 0.9100135317997293 0.04004711425206125 0.02571041948579161
0 0.160188457008245 0.945872801082544 0.03297997644287397 0.02706359945872801
0 0.4299175500588928 0.7875507442489851 0.030624263839811542 0.04059539918809202
0 0.5671378091872792 0.7834912043301759 0.03415783274440518 0.035182679296346414
0 0.7067137809187279 0.7855209742895806 0.023557126030624265 0.04194857916102842
0 0.46760895170789163 0.554127198917456 0.023557126030624265 0.04194857916102842
0 0.6036513545347467 0.554127198917456 0.048292108362779744 0.03924221921515562
0 0.8845700824499411 0.5527740189445196 0.02591283863368669 0.036535859269282815
0 0.8792697290930507 0.32070365358592695 0.03415783274440518 0.05142083897158322
0 0.7449941107184923 0.3234100135317997 0.02944640753828033 0.04059539918809202
0 0.6042402826855123 0.32070365358592695 0.028268551236749116 0.037889039242219216
0 0.46760895170789163 0.32476319350473615 0.04004711425206125 0.046008119079837616
1 0.7432273262661955 0.13937753721244925 0.05653710247349823 0.03247631935047361
1 0.7426383981154299 0.6028416779431665 0.06007067137809187 0.03924221921515562
1 0.7379269729093051 0.8376184032476319 0.043580683156654886 0.04059539918809202
3 0.2997644287396938 0.13802435723951287 0.03180212014134275 0.037889039242219216
3 0.29740871613663133 0.36332882273342354 0.04122497055359246 0.04194857916102842
3 0.29387514723203767 0.6008119079837618 0.03415783274440518 0.046008119079837616
3 0.3003533568904594 0.8315290933694182 0.03769140164899882 0.036535859269282815
4 0.3674911660777385 0.13870094722598106 0.04240282685512368 0.03382949932341001
4 0.37043580683156657 0.6069012178619756 0.04122497055359246 0.04194857916102842
4 0.36984687868080096 0.8308525033829499 0.028268551236749116 0.04330175913396482
5 0.43404004711425204 0.8389715832205683 0.048292108362779744 0.04330175913396482
16 0.5859835100117785 0.13599458728010824 0.03415783274440518 0.04194857916102842
16 0.5959952885747939 0.5981055480378891 0.03297997644287397 0.037889039242219216
16 0.5971731448763251 0.8261163734776725 0.03769140164899882 0.04736129905277402
23 0.6654888103651354 0.6008119079837618 0.03769140164899882 0.03247631935047361
24 0.49646643109540634 0.13599458728010824 0.03180212014134275 0.04194857916102842
24 0.49764428739693756 0.6021650879566982 0.03651354534746761 0.037889039242219216
24 0.49823321554770317 0.8294993234100135 0.03297997644287397 0.04330175913396482
21 0.800942285041225 0.8294993234100135 0.05418138987043581 0.037889039242219216
21 0.8704358068315665 0.6021650879566982 0.04004711425206125 0.02706359945872801
7 0.9599528857479388 0.5987821380243572 0.05182567726737338 0.04194857916102842
25 0.9611307420494699 0.6833558863328822 0.05653710247349823 0.037889039242219216
33 0.8015312131919906 0.8700947225981055 0.03651354534746761 0.03247631935047361