7 0.03406633906633907 0.6062974203338392 0.05695331695331695 0.05104704097116844
25 0.03015970515970516 0.7014719271623672 0.04914004914004914 0.03725341426403642
0 0.06087223587223587 0.8180424886191199 0.032383292383292385 0.03861911987860395
0 0.2038206388206388 0.8166616084977237 0.03015970515970516 0.041380880121396055
0 0.34621621621621623 0.8180424886191199 0.04244471744471744 0.03587253414264036
21 0.4556633906633907 0.8649468892261002 0.051375921375921375 0.04414264036418816
34 0.4573341523341523 0.9111532625189682 0.034619164619164616 0.05931714719271624
15 0.18762899262899263 0.7325189681335357 0.06254299754299754 0.04414264036418816
15 0.36073710073710075 0.7318209408194234 0.0804054054054054 0.06207890743550834
15 0.5321621621621622 0.7249317147192716 0.08823095823095822 0.05655538694992413
15 0.6924324324324325 0.7304400606980274 0.07147420147420147 0.053793626707132024
15 0.845995085995086 0.7704552352048558 0.041326781326781324 0.08690440060698028
15 0.8448771498771499 0.9628224582701063 0.043550368550368555 0.07435508345978756
15 0.8404054054054054 0.5497268588770865 0.050257985257985256 0.08414264036418817
15 0.837051597051597 0.3379817905918058 0.054729729729729726 0.08552352048558422
15 0.8487837837837837 0.1331259484066768 0.035737100737100735 0.05931714719271624
18 0.9135626535626535 0.18761760242792108 0.031265356265356266 0.06069802731411229
18 0.8912162162162163 0.19312594840667677 0.026805896805896807 0.06622154779969651
18 0.9102088452088452 0.39385432473444615 0.031265356265356266 0.05931714719271624
18 0.8895454545454546 0.4000606980273141 0.027923832923832926 0.05793626707132018
18 0.9085380835380835 0.6035356600910471 0.027923832923832926 0.05931714719271624
18 0.8856388206388206 0.6104248861911987 0.037972972972972974 0.05931714719271624
18 0.9107616707616708 0.8201062215477998 0.027923832923832926 0.06760242792109256
18 0.8861916461916463 0.8221851289833081 0.03015970515970516 0.05517450682852807