0 0.4919975031210986 0.03076923076923077 0.028377028714107366 0.041953846153846154
0 0.6389762796504369 0.02656923076923077 0.02724094881398252 0.03636923076923077
0 0.7882147315855181 0.03146153846153846 0.030649188514357054 0.03776923076923077
0 0.9306491885143571 0.02936923076923077 0.03177278401997503 0.041953846153846154
0 0.907390761548065 0.2888153846153846 0.032908863920099875 0.04895384615384615
0 0.7598501872659176 0.2888153846153846 0.026104868913857677 0.04335384615384615
0 0.6094631710362047 0.2944 0.02951310861423221 0.04335384615384615
0 0.4585143570536829 0.2923076923076923 0.034044943820224716 0.03915384615384615
0 0.1713732833957553 0.14126153846153844 0.03177278401997503 0.03356923076923077
0 0.19067415730337078 0.16573846153846156 0.03177278401997503 0.02656923076923077
0 0.1713732833957553 0.3230769230769231 0.03177278401997503 0.03636923076923077
0 0.19350811485642946 0.34755384615384616 0.023832709113607988 0.023769230769230768
0 0.16853932584269662 0.5006923076923077 0.026104868913857677 0.03356923076923077
0 0.19009987515605495 0.5314615384615384 0.028377028714107366 0.025169230769230767
0 0.1668414481897628 0.6846153846153846 0.03177278401997503 0.02936923076923077
0 0.1889637952559301 0.7132923076923077 0.026104868913857677 0.03356923076923077
0 0.48972534332084894 0.5552461538461538 0.032908863920099875 0.04475384615384615
0 0.6344319600499376 0.5566461538461538 0.03177278401997503 0.04475384615384615
0 0.7848189762796505 0.5566461538461538 0.028377028714107366 0.03356923076923077
0 0.9334831460674158 0.5559384615384616 0.021560549313358303 0.03496923076923077
1 0.7780024968789013 0.0867076923076923 0.051073657927590506 0.041953846153846154
1 0.7814107365792758 0.6111846153846153 0.051073657927590506 0.041953846153846154
3 0.30983770287141077 0.0860153846153846 0.03858926342072409 0.05175384615384616
3 0.3075655430711611 0.3454615384615385 0.04313358302122347 0.041953846153846154
3 0.3109737827715356 0.6097846153846154 0.03177278401997503 0.05873846153846154
2 0.2792009987515605 0.7097846153846155 0.03858926342072409 0.046153846153846156
4 0.3853183520599251 0.0895076923076923 0.03972534332084894 0.04475384615384615
4 0.3830461922596754 0.34055384615384615 0.04199750312109863 0.04895384615384615
4 0.3807740324594257 0.6118923076923077 0.032908863920099875 0.05175384615384616
5 0.4562421972534332 0.08392307692307692 0.02951310861423221 0.041953846153846154
16 0.6253558052434457 0.34895384615384617 0.045393258426966294 0.03776923076923077
16 0.6196754057428215 0.6146923076923078 0.03858926342072409 0.04335384615384615
23 0.6968539325842696 0.6132923076923077 0.049937578027465665 0.046153846153846156
24 0.5220724094881398 0.08461538461538462 0.02951310861423221 0.04335384615384615
24 0.5215106117353309 0.6083846153846154 0.03972534332084894 0.047553846153846155
22 0.9561922596754057 0.34615384615384615 0.03972534332084894 0.02936923076923077
28 0.9698127340823971 0.39161538461538464 0.05561797752808988 0.047553846153846155
21 0.9181647940074907 0.6146923076923078 0.045393258426966294 0.03216923076923077