8 0.02952029520295203 0.08309248554913294 0.04920049200492005 0.044797687861271675
8 0.033210332103321034 0.8280346820809249 0.041820418204182044 0.046242774566473986
25 0.03013530135301353 0.17341040462427745 0.04797047970479705 0.03468208092485549
25 0.02952029520295203 0.9140173410404624 0.04428044280442804 0.030346820809248554
15 0.18942189421894218 0.19508670520231214 0.07380073800738007 0.046242774566473986
15 0.3548585485854859 0.19797687861271676 0.06027060270602706 0.03468208092485549
15 0.5252152521525215 0.19653179190751446 0.06150061500615006 0.04335260115606936
15 0.6937269372693727 0.1972543352601156 0.056580565805658053 0.03901734104046243
15 0.8493234932349324 0.11271676300578035 0.04059040590405904 0.06936416184971098
15 0.8456334563345633 0.3143063583815029 0.03567035670356704 0.06213872832369942
15 0.8456334563345633 0.523121387283237 0.05043050430504305 0.07225433526011561
15 0.8480934809348093 0.7239884393063584 0.04797047970479705 0.06936416184971098
15 0.8493234932349324 0.9154624277456648 0.038130381303813035 0.06502890173410404
15 0.1795817958179582 0.9421965317919075 0.06150061500615006 0.04335260115606936
15 0.35670356703567035 0.9393063583815029 0.056580565805658053 0.05202312138728324
15 0.5252152521525215 0.9407514450867052 0.05412054120541206 0.046242774566473986
15 0.6986469864698647 0.9335260115606936 0.06150061500615006 0.05491329479768786