0 0.49502487562189057 0.04154518950437318 0.02736318407960199 0.03935860058309038
0 0.6411691542288557 0.04664723032069971 0.028606965174129355 0.037900874635568516
0 0.7904228855721394 0.04154518950437318 0.021144278606965175 0.03644314868804665
0 0.9322139303482587 0.04446064139941691 0.0236318407960199 0.05102040816326531
0 0.15236318407960198 0.10422740524781342 0.033582089552238806 0.02478134110787172
0 0.17288557213930347 0.14431486880466474 0.03482587064676617 0.03206997084548105
0 0.1480099502487562 0.271865889212828 0.04477611940298507 0.03644314868804665
0 0.17350746268656717 0.3177842565597668 0.036069651741293535 0.026239067055393587
0 0.4633084577114428 0.2915451895043732 0.036069651741293535 0.04956268221574344
0 0.6063432835820896 0.29373177842565595 0.043532338308457715 0.048104956268221574
0 0.7580845771144279 0.2922740524781341 0.03109452736318408 0.04518950437317784
0 0.9017412935323383 0.29008746355685133 0.04477611940298507 0.04956268221574344
0 0.8986318407960199 0.5473760932944607 0.03109452736318408 0.04518950437317784
0 0.753731343283582 0.543002915451895 0.02736318407960199 0.04227405247813411
0 0.6050995024875622 0.5473760932944607 0.026119402985074626 0.03935860058309038
0 0.4583333333333333 0.5473760932944607 0.036069651741293535 0.03935860058309038
0 0.8992537313432836 0.7893586005830904 0.029850746268656716 0.04518950437317784
0 0.7543532338308457 0.7915451895043731 0.03109452736318408 0.043731778425655975
0 0.6038557213930348 0.7944606413994169 0.026119402985074626 0.04081632653061224
0 0.4577114427860697 0.7908163265306123 0.03482587064676617 0.04518950437317784
0 0.14738805970149255 0.44825072886297374 0.03109452736318408 0.030612244897959183
0 0.1722636815920398 0.4905247813411079 0.03855721393034826 0.030612244897959183
0 0.1486318407960199 0.6180758017492711 0.03855721393034826 0.037900874635568516
0 0.16977611940298507 0.6647230320699709 0.03855721393034826 0.03206997084548105
0 0.15049751243781095 0.7886297376093294 0.029850746268656716 0.029154518950437316
0 0.17350746268656717 0.8323615160349854 0.03109452736318408 0.03206997084548105
0 0.14738805970149255 0.9635568513119533 0.028606965174129355 0.029154518950437316
0 0.19465174129353233 0.9795918367346939 0.033582089552238806 0.029154518950437316
3 0.31405472636815923 0.09475218658892129 0.046019900497512436 0.04664723032069971
3 0.31343283582089554 0.3403790087463557 0.03731343283582089 0.05102040816326531
3 0.31281094527363185 0.5954810495626822 0.03855721393034826 0.04518950437317784
3 0.31343283582089554 0.8440233236151603 0.03233830845771144 0.04956268221574344
4 0.38743781094527363 0.09110787172011661 0.041044776119402986 0.05102040816326531
4 0.38930348258706465 0.34766763848396504 0.029850746268656716 0.04518950437317784
4 0.38681592039800994 0.5947521865889213 0.04477611940298507 0.04956268221574344
4 0.38619402985074625 0.8454810495626822 0.043532338308457715 0.05830903790087463
1 0.7829601990049752 0.5947521865889213 0.048507462686567165 0.043731778425655975
1 0.7786069651741293 0.09256559766763849 0.06218905472636816 0.04518950437317784
16 0.6262437810945274 0.09912536443148688 0.048507462686567165 0.04956268221574344
16 0.628731343283582 0.5962099125364432 0.046019900497512436 0.05539358600583091
23 0.7014925373134329 0.5932944606413995 0.0472636815920398 0.043731778425655975
24 0.5205223880597015 0.09475218658892129 0.043532338308457715 0.04081632653061224
24 0.5242537313432836 0.5962099125364432 0.03855721393034826 0.04664723032069971
22 0.957089552238806 0.34183673469387754 0.03855721393034826 0.03935860058309038
21 0.9166666666666666 0.5911078717201166 0.04477611940298507 0.033527696793002916
28 0.9713930348258707 0.38994169096209913 0.05721393034825871 0.048104956268221574