0 0.4652173913043478 0.057833089311859445 0.031055900621118012 0.036603221083455345
0 0.6093167701863355 0.05710102489019034 0.03354037267080745 0.040995607613469986
0 0.7590062111801242 0.05710102489019034 0.037267080745341616 0.032210834553440704
0 0.9062111801242236 0.053440702781844804 0.02360248447204969 0.0424597364568082
0 0.16956521739130434 0.01683748169838946 0.03850931677018633 0.03074670571010249
0 0.14596273291925466 0.1493411420204978 0.03354037267080745 0.029282576866764276
0 0.1937888198757764 0.16544655929721816 0.02981366459627329 0.02635431918008785
0 0.168944099378882 0.19546120058565153 0.034782608695652174 0.03367496339677892
0 0.4937888198757764 0.3089311859443631 0.02857142857142857 0.04685212298682284
0 0.6403726708074534 0.30380673499267935 0.02360248447204969 0.04538799414348463
0 0.7416149068322981 0.5585651537335286 0.037267080745341616 0.04538799414348463
0 0.5937888198757764 0.5600292825768668 0.034782608695652174 0.03367496339677892
0 0.45217391304347826 0.554904831625183 0.01987577639751553 0.032210834553440704
0 0.9 0.8118594436310396 0.031055900621118012 0.048316251830161056
0 0.7540372670807454 0.8096632503660323 0.02981366459627329 0.04685212298682284
0 0.6074534161490683 0.8111273792093704 0.034782608695652174 0.03806734992679356
0 0.46645962732919255 0.8140556368960469 0.055900621118012424 0.055636896046852125
0 0.14658385093167703 0.32284040995607616 0.04472049689440994 0.0424597364568082
0 0.1919254658385093 0.3404099560761347 0.031055900621118012 0.01903367496339678
0 0.17391304347826086 0.36822840409956076 0.034782608695652174 0.03367496339677892
0 0.1453416149068323 0.4985358711566618 0.034782608695652174 0.03074670571010249
0 0.19627329192546583 0.5124450951683748 0.03975155279503106 0.02635431918008785
0 0.17329192546583852 0.5351390922401171 0.02857142857142857 0.03074670571010249
0 0.15093167701863355 0.6698389458272328 0.03354037267080745 0.027818448023426062
0 0.19254658385093168 0.6874084919472914 0.024844720496894408 0.027818448023426062
0 0.1720496894409938 0.712298682284041 0.03850931677018633 0.027818448023426062
0 0.15031055900621118 0.842606149341142 0.037267080745341616 0.03367496339677892
0 0.19751552795031055 0.8565153733528551 0.03229813664596273 0.029282576866764276
0 0.17329192546583852 0.8865300146412884 0.02608695652173913 0.027818448023426062
1 0.7819875776397516 0.3616398243045388 0.055900621118012424 0.0527086383601757
1 0.7813664596273292 0.6076134699853587 0.05217391304347826 0.06442166910688141
1 0.7850931677018633 0.8638360175695461 0.05962732919254658 0.043923865300146414
22 0.9546583850931677 0.10980966325036604 0.0484472049689441 0.040995607613469986
22 0.9521739130434783 0.8587115666178624 0.05341614906832298 0.0424597364568082
28 0.968944099378882 0.15373352855051245 0.05217391304347826 0.040995607613469986
28 0.9664596273291925 0.904099560761347 0.05962732919254658 0.048316251830161056
21 0.84472049689441 0.6090775988286969 0.049689440993788817 0.040995607613469986
33 0.8459627329192546 0.6493411420204978 0.03975155279503106 0.0424597364568082
3 0.3130434782608696 0.10907759882869693 0.03975155279503106 0.05124450951683748
3 0.3136645962732919 0.35724743777452417 0.03602484472049689 0.055636896046852125
3 0.3124223602484472 0.6112737920937042 0.03850931677018633 0.036603221083455345
3 0.31490683229813665 0.8609077598828697 0.03602484472049689 0.0527086383601757
4 0.3813664596273292 0.10395314787701318 0.0422360248447205 0.0527086383601757
4 0.38571428571428573 0.3594436310395315 0.040993788819875775 0.05710102489019034
4 0.38571428571428573 0.609809663250366 0.043478260869565216 0.048316251830161056
4 0.38819875776397517 0.863103953147877 0.03354037267080745 0.0424597364568082
16 0.6229813664596273 0.10688140556368961 0.040993788819875775 0.04978038067349927
16 0.6304347826086957 0.35871156661786235 0.040993788819875775 0.043923865300146414
16 0.6273291925465838 0.6112737920937042 0.0422360248447205 0.04538799414348463
24 0.5242236024844721 0.3601756954612006 0.0422360248447205 0.04978038067349927
24 0.5198757763975155 0.6083455344070278 0.043478260869565216 0.0424597364568082
24 0.5242236024844721 0.863103953147877 0.0422360248447205 0.03953147877013177
5 0.462111801242236 0.6120058565153733 0.037267080745341616 0.043923865300146414