0 0.15022613065326634 0.028705882352941175 0.04501256281407035 0.03500840336134454
0 0.19943467336683418 0.04201680672268908 0.032449748743718594 0.028016806722689077
0 0.17954773869346732 0.07633613445378151 0.026168341708542712 0.03221848739495799
0 0.157035175879397 0.22618487394957984 0.035590452261306534 0.03221848739495799
0 0.20204773869346734 0.24369747899159663 0.031407035175879394 0.030806722689075628
0 0.17535175879396986 0.27381512605042013 0.03664572864321608 0.02660504201680672
0 0.4575 0.07633613445378151 0.02930904522613065 0.03500840336134454
0 0.6066834170854272 0.07843697478991597 0.02198492462311558 0.05042016806722689
0 0.7569095477386935 0.07423529411764707 0.023027638190954772 0.04201680672268908
2 0.29208542713567837 0.2471932773109244 0.03768844221105527 0.04341176470588235
1 0.7898869346733668 0.13726050420168068 0.05339195979899498 0.04761344537815126
3 0.3177386934673367 0.13584873949579832 0.03873115577889447 0.044823529411764707
4 0.39311557788944723 0.13445378151260504 0.04082914572864322 0.05042016806722689
5 0.4653517587939699 0.13584873949579832 0.03873115577889447 0.04761344537815126
24 0.5297361809045227 0.1323529411764706 0.04815326633165829 0.051815126050420164
16 0.6375628140703518 0.13726050420168068 0.03978643216080402 0.039210084033613445
21 0.8574120603015075 0.13445378151260504 0.052349246231155784 0.04201680672268908
33 0.8584547738693468 0.18416806722689075 0.04396984924623116 0.046218487394957986