0 0.49875776397515525 0.03768115942028986 0.02360248447204969 0.034782608695652174
0 0.6428571428571429 0.03768115942028986 0.02857142857142857 0.034782608695652174
0 0.7919254658385093 0.041304347826086954 0.031055900621118012 0.04492753623188406
0 0.9322981366459627 0.03840579710144928 0.03602484472049689 0.050724637681159424
0 0.22919254658385094 0.07608695652173914 0.02111801242236025 0.042028985507246375
0 0.1515527950310559 0.2326086956521739 0.03229813664596273 0.0391304347826087
0 0.15093167701863355 0.4108695652173913 0.02857142857142857 0.030434782608695653
0 0.45900621118012425 0.2876811594202899 0.02608695652173913 0.03333333333333333
0 0.6037267080745342 0.286231884057971 0.03975155279503106 0.04492753623188406
0 0.7496894409937889 0.2833333333333333 0.031055900621118012 0.0391304347826087
0 0.8962732919254658 0.28405797101449276 0.02608695652173913 0.04057971014492753
0 0.9080745341614906 0.532608695652174 0.024844720496894408 0.0391304347826087
0 0.753416149068323 0.5340579710144927 0.03354037267080745 0.03333333333333333
0 0.6086956521739131 0.5340579710144927 0.037267080745341616 0.036231884057971016
0 0.4577639751552795 0.5347826086956522 0.03850931677018633 0.043478260869565216
0 0.8993788819875776 0.7862318840579711 0.03975155279503106 0.0391304347826087
0 0.7559006211180124 0.7876811594202898 0.040993788819875775 0.030434782608695653
0 0.6086956521739131 0.7862318840579711 0.034782608695652174 0.042028985507246375
0 0.45590062111801244 0.7891304347826087 0.037267080745341616 0.030434782608695653
0 0.17329192546583852 0.4492753623188406 0.031055900621118012 0.02318840579710145
0 0.1484472049689441 0.5768115942028985 0.031055900621118012 0.034782608695652174
0 0.17391304347826086 0.6123188405797102 0.02732919254658385 0.036231884057971016
0 0.1484472049689441 0.7514492753623189 0.02857142857142857 0.03333333333333333
0 0.1720496894409938 0.7884057971014493 0.02360248447204969 0.034782608695652174
0 0.15031055900621118 0.9195652173913044 0.024844720496894408 0.030434782608695653
0 0.17080745341614906 0.9637681159420289 0.03354037267080745 0.03188405797101449
3 0.3136645962732919 0.09130434782608696 0.03850931677018633 0.03768115942028986
3 0.31863354037267083 0.33260869565217394 0.031055900621118012 0.042028985507246375
3 0.31614906832298134 0.5905797101449275 0.03354037267080745 0.0391304347826087
3 0.3111801242236025 0.8340579710144927 0.040993788819875775 0.04492753623188406
4 0.3869565217391304 0.08768115942028985 0.03602484472049689 0.04492753623188406
4 0.3919254658385093 0.336231884057971 0.040993788819875775 0.043478260869565216
4 0.38944099378881986 0.5920289855072464 0.03850931677018633 0.06521739130434782
4 0.39006211180124223 0.8347826086956521 0.037267080745341616 0.03768115942028986
1 0.782608695652174 0.8311594202898551 0.04720496894409938 0.03333333333333333
1 0.7770186335403727 0.3333333333333333 0.04596273291925466 0.04057971014492753
24 0.5242236024844721 0.33768115942028987 0.037267080745341616 0.043478260869565216
24 0.5254658385093167 0.8355072463768116 0.03975155279503106 0.03333333333333333
16 0.6254658385093168 0.33768115942028987 0.03602484472049689 0.04927536231884058
16 0.6279503105590062 0.8318840579710145 0.040993788819875775 0.043478260869565216
23 0.6987577639751553 0.836231884057971 0.04596273291925466 0.0463768115942029
23 0.6987577639751553 0.3384057971014493 0.05093167701863354 0.03333333333333333
21 0.9142857142857143 0.3391304347826087 0.05217391304347826 0.028985507246376812
21 0.9161490683229814 0.8326086956521739 0.04596273291925466 0.02753623188405797
22 0.9546583850931677 0.586231884057971 0.05093167701863354 0.036231884057971016
28 0.9695652173913043 0.6297101449275362 0.055900621118012424 0.0391304347826087