7 0.027742749054224466 0.08683068017366136 0.04791929382093316 0.04052098408104197
21 0.08575031525851198 0.09044862518089725 0.05044136191677175 0.030390738060781478
27 0.10655737704918032 0.13314037626628075 0.06683480453972257 0.04630969609261939
25 0.029634300126103404 0.17583212735166426 0.044136191677175286 0.027496382054992764
8 0.03026481715006305 0.3350217076700434 0.04791929382093316 0.03907380607814761
25 0.0308953341740227 0.41606367583212733 0.05170239596469105 0.0361794500723589
7 0.029634300126103404 0.829232995658466 0.044136191677175286 0.04052098408104197
25 0.02837326607818411 0.9175108538350217 0.04918032786885246 0.02894356005788712
21 0.08511979823455233 0.8299565846599132 0.04918032786885246 0.03328509406657019
21 0.4646910466582598 0.8270622286541245 0.04918032786885246 0.0361794500723589
21 0.4634300126103405 0.5846599131693199 0.06431273644388398 0.03762662807525326
34 0.4646910466582598 0.6244573082489147 0.02648171500630517 0.05065123010130246
34 0.4640605296343001 0.8712011577424024 0.03026481715006305 0.05209840810419682
27 0.10718789407313997 0.8719247467438495 0.06809583858764187 0.05065123010130246
0 0.056116015132408575 0.5354558610709117 0.031525851197982346 0.04630969609261939
0 0.05485498108448928 0.7793053545586107 0.029003783102143757 0.04486251808972504
0 0.20491803278688525 0.7829232995658466 0.034047919293820936 0.05499276410998553
0 0.35561160151324084 0.7814761215629522 0.03278688524590164 0.05209840810419682
0 0.20365699873896595 0.5347322720694645 0.031525851197982346 0.04486251808972504
0 0.35435056746532156 0.5354558610709117 0.03026481715006305 0.049204052098408106
15 0.19104665825977302 0.22141823444283648 0.07187894073139975 0.04630969609261939
15 0.3669609079445145 0.21635311143270622 0.06305170239596469 0.056439942112879886
15 0.5390920554854981 0.22431259044862517 0.07187894073139975 0.03762662807525326
15 0.7137452711223203 0.2105643994211288 0.07313997477931904 0.041968162083936326
15 0.7225725094577553 0.44138929088277856 0.0807061790668348 0.060781476121562955
15 0.530264817150063 0.45296671490593343 0.07692307692307693 0.04052098408104197
15 0.3650693568726356 0.44862518089725034 0.08196721311475409 0.04630969609261939
15 0.19167717528373265 0.447178002894356 0.06809583858764187 0.04341534008683068
15 0.8612862547288777 0.10926193921852388 0.0403530895334174 0.053545586107091175
15 0.862547288776797 0.3068017366136035 0.03278688524590164 0.0694645441389291
15 0.8638083228247163 0.507959479015919 0.04539722572509458 0.0694645441389291
15 0.8656998738965952 0.7083936324167872 0.044136191677175286 0.07670043415340087
15 0.8675914249684742 0.9088277858176556 0.03026481715006305 0.05788712011577424
15 0.7137452711223203 0.9638205499276411 0.0605296343001261 0.03762662807525326
15 0.5334174022698613 0.9688856729377714 0.058007566204287514 0.03907380607814761
15 0.36633039092055486 0.9638205499276411 0.06431273644388398 0.03762662807525326
15 0.1828499369482976 0.9623733719247467 0.06809583858764187 0.03762662807525326