0 0.5012360939431397 0.03275109170305677 0.030902348578491966 0.04512372634643377
0 0.6470951792336218 0.034934497816593885 0.03584672435105068 0.046579330422125184
0 0.792336217552534 0.034934497816593885 0.029666254635352288 0.046579330422125184
0 0.9357231149567367 0.034934497816593885 0.037082818294190356 0.040756914119359534
0 0.173053152039555 0.16957787481804948 0.042027194066749075 0.036390101892285295
0 0.17243510506798518 0.3457059679767103 0.0407911001236094 0.042212518195050945
0 0.45550061804697156 0.2838427947598253 0.03337453646477132 0.046579330422125184
0 0.6056860321384425 0.2787481804949054 0.03955500618046971 0.036390101892285295
0 0.7527812113720643 0.2802037845705968 0.027194066749072928 0.048034934497816595
0 0.899876390605686 0.2838427947598253 0.029666254635352288 0.040756914119359534
0 0.1983930778739184 0.46870451237263466 0.03584672435105068 0.03202328966521106
0 0.16872682323856614 0.5189228529839883 0.038318912237330034 0.033478893740902474
0 0.4573547589616811 0.5327510917030568 0.042027194066749075 0.046579330422125184
0 0.6032138442521632 0.5356622998544396 0.037082818294190356 0.046579330422125184
0 0.7466007416563659 0.5349344978165939 0.027194066749072928 0.050946142649199416
0 0.8980222496909765 0.5356622998544396 0.03584672435105068 0.040756914119359534
0 0.7435105067985167 0.7838427947598253 0.03584672435105068 0.050946142649199416
0 0.5982694684796045 0.7816593886462883 0.034610630407911 0.043668122270742356
0 0.45179233621755255 0.7780203784570596 0.038318912237330034 0.048034934497816595
0 0.19901112484548825 0.6390101892285298 0.03955500618046971 0.03202328966521106
0 0.17552533992583436 0.6877729257641921 0.042027194066749075 0.042212518195050945
0 0.19777503090234858 0.8173216885007278 0.042027194066749075 0.03056768558951965
0 0.17428924598269468 0.8653566229985444 0.037082818294190356 0.036390101892285295
0 0.19592088998763907 0.9832605531295487 0.03337453646477132 0.033478893740902474
1 0.7787391841779975 0.33624454148471616 0.054388133498145856 0.026200873362445413
1 0.7787391841779975 0.5829694323144105 0.049443757725587144 0.039301310043668124
1 0.7812113720642769 0.8347889374090247 0.037082818294190356 0.036390101892285295
3 0.3145859085290482 0.08733624454148471 0.0407911001236094 0.043668122270742356
3 0.31334981458590855 0.33478893740902477 0.04326328800988875 0.040756914119359534
3 0.31396786155747836 0.5829694323144105 0.034610630407911 0.04512372634643377
3 0.315203955500618 0.8362445414847162 0.03955500618046971 0.048034934497816595
4 0.38504326328800986 0.08806404657933042 0.04326328800988875 0.042212518195050945
4 0.3862793572311496 0.33915574963609896 0.0407911001236094 0.049490538573508006
4 0.38813349814585907 0.5800582241630277 0.037082818294190356 0.056768558951965066
4 0.3862793572311496 0.8362445414847162 0.03584672435105068 0.050946142649199416
5 0.4579728059332509 0.834061135371179 0.03337453646477132 0.040756914119359534
16 0.6266996291718171 0.3369723435225619 0.034610630407911 0.036390101892285295
16 0.630407911001236 0.5873362445414847 0.032138442521631644 0.050946142649199416
16 0.6297898640296663 0.834061135371179 0.030902348578491966 0.040756914119359534
24 0.5259579728059333 0.3318777292576419 0.0407911001236094 0.05240174672489083
24 0.5241038318912238 0.5858806404657934 0.037082818294190356 0.042212518195050945
24 0.5247218788627935 0.8311499272197962 0.038318912237330034 0.040756914119359534
23 0.6983930778739185 0.3318777292576419 0.042027194066749075 0.046579330422125184
23 0.6977750309023486 0.5858806404657934 0.0407911001236094 0.042212518195050945
21 0.84610630407911 0.8311499272197962 0.048207663782447466 0.03202328966521106
21 0.9091470951792336 0.5844250363901019 0.038318912237330034 0.03056768558951965
21 0.9134734239802225 0.3333333333333333 0.042027194066749075 0.02911208151382824
33 0.8448702101359703 0.8719068413391557 0.038318912237330034 0.03784570596797671