15 0.1882640586797066 0.19670958512160228 0.05623471882640587 0.030042918454935622
15 0.3508557457212714 0.19670958512160228 0.06845965770171149 0.03862660944206009
15 0.5250611246943765 0.19527896995708155 0.07212713936430318 0.04721030042918455
15 0.6894865525672371 0.19527896995708155 0.07090464547677261 0.0357653791130186
15 0.847799511002445 0.3283261802575107 0.030562347188264057 0.08726752503576538
15 0.6974327628361858 0.45493562231759654 0.04767726161369193 0.04005722460658083
15 0.5213936430317848 0.4592274678111588 0.06723716381418093 0.045779685264663805
15 0.35574572127139364 0.45493562231759654 0.07334963325183375 0.05150214592274678
15 0.1845965770171149 0.46208869814020026 0.07090464547677261 0.045779685264663805
15 0.843520782396088 0.5264663805436338 0.04156479217603912 0.08297567954220315
15 0.8386308068459658 0.721030042918455 0.0488997555012225 0.09155937052932761
15 0.8422982885085575 0.9306151645207439 0.044009779951100246 0.07296137339055794
15 0.6974327628361858 0.9506437768240343 0.06723716381418093 0.04721030042918455
15 0.5232273838630807 0.9449213161659513 0.08557457212713937 0.05007153075822604
15 0.35880195599022 0.9513590844062947 0.07212713936430318 0.05150214592274678
15 0.18581907090464547 0.9449213161659513 0.07823960880195599 0.044349070100143065
0 0.02628361858190709 0.2804005722460658 0.02567237163814181 0.04005722460658083
0 0.17481662591687042 0.27753934191702434 0.029339853300733496 0.031473533619456366
0 0.3202933985330073 0.27896995708154504 0.02689486552567237 0.04291845493562232
0 0.029339853300733496 0.51931330472103 0.03667481662591687 0.05722460658082976
0 0.17481662591687042 0.5207439198855508 0.029339853300733496 0.04005722460658083
0 0.32273838630806845 0.5243204577968527 0.034229828850855744 0.058655221745350504
0 0.05134474327628362 0.7703862660944206 0.034229828850855744 0.03862660944206009
17 0.9688264058679706 0.8383404864091559 0.030562347188264057 0.04864091559370529
8 0.0323960880195599 0.0844062947067239 0.04767726161369193 0.045779685264663805
7 0.028728606356968216 0.32975679542203146 0.04767726161369193 0.04721030042918455
7 0.03361858190709047 0.8197424892703863 0.040342298288508556 0.031473533619456366
25 0.03117359413202934 0.9084406294706724 0.042787286063569685 0.031473533619456366
25 0.029951100244498777 0.4113018597997139 0.04767726161369193 0.032904148783977114
27 0.10330073349633252 0.3748211731044349 0.05745721271393643 0.03719599427753934
21 0.08740831295843521 0.3283261802575107 0.04767726161369193 0.030042918454935622
21 0.15831295843520782 0.3319027181688126 0.05990220048899755 0.03719599427753934
21 0.3893643031784841 0.3283261802575107 0.05256723716381418 0.0357653791130186
38 0.3924205378973105 0.36909871244635195 0.04156479217603912 0.04005722460658083
22 0.1491442542787286 0.5765379113018598 0.05134474327628362 0.031473533619456366
21 0.2237163814180929 0.575107296137339 0.07090464547677261 0.04291845493562232
21 0.3905867970660147 0.5708154506437768 0.04767726161369193 0.04005722460658083
40 0.30134474327628363 0.6044349070100143 0.030562347188264057 0.032904148783977114
32 0.33863080684596575 0.6068812589413447 0.034229828850855744 0.03660944206008584
38 0.39364303178484106 0.605865522174535 0.03667481662591687 0.03862660944206009
21 0.08658924205378973 0.8190271816881259 0.04482885085574572 0.03815450643776824
21 0.14618581907090464 0.8214163090128754 0.041772616136919315 0.03337625178826895
22 0.2017114914425428 0.8220028612303291 0.042787286063569685 0.027424892703862662
27 0.16402200488997554 0.6193419170243205 0.0550122249388753 0.03934191702432046
27 0.10289731051344743 0.8616452074391988 0.05399755501222494 0.036366237482117314
27 0.21826405867970658 0.8622460658082977 0.05959657701711491 0.03755364806866953
35 0.2271760391198044 0.6202288984263233 0.046858190709046454 0.04947067238912732
35 0.15638141809290954 0.8661230329041487 0.04380195599022005 0.046494992846924176
35 0.16376528117359415 0.3746351931330472 0.051442542787286064 0.05304721030042918
25 0.029425427872860635 0.16999999999999998 0.0441320293398533 0.02496423462088698