0 0.4896005326231691 0.02973637961335677 0.0307323568575233 0.03785588752196836
0 0.6468308921438082 0.031089630931458702 0.02560585885486019 0.0432688927943761
0 0.8050865512649801 0.031089630931458702 0.0307323568575233 0.0432688927943761
0 0.9612782956058588 0.02838312829525483 0.027656458055925433 0.05678383128295255
0 0.21049267643142477 0.08922671353251319 0.04199733688415446 0.03785588752196836
0 0.21099866844207724 0.29335676625659046 0.043022636484687085 0.03785588752196836
0 0.20946737683089214 0.5015465729349736 0.029707057256990677 0.0351493848857645
0 0.5315978695073236 0.328506151142355 0.028681757656458053 0.04595782073813708
0 0.6893342210386153 0.3312126537785589 0.03278295605858855 0.04595782073813708
0 0.8460452729693742 0.3264850615114236 0.0307323568575233 0.047311072056239016
1 0.8378561917443409 0.38934973637961334 0.05736351531291611 0.04595782073813708
2 0.313422103861518 0.5096660808435852 0.04916111850865513 0.04595782073813708
3 0.33442077230359524 0.09124780316344465 0.05428761651131825 0.05001757469244288
3 0.33647137150466044 0.39407732864674866 0.03994673768308921 0.060843585237258344
4 0.4179094540612517 0.09463971880492092 0.03892143808255659 0.04866432337434095
4 0.41278295605858856 0.3866432337434095 0.05326231691078562 0.06759226713532514
16 0.6744873501997337 0.09328646748681897 0.0440479360852197 0.05678383128295255
16 0.6729427430093209 0.39340949033391914 0.03892143808255659 0.05678383128295255
24 0.5628362183754994 0.3960984182776801 0.03994673768308921 0.04595782073813708