17 0.9508982035928144 0.8265449438202247 0.03832335329341317 0.046348314606741575
15 0.18203592814371258 0.19452247191011235 0.05748502994011976 0.04073033707865169
15 0.35508982035928144 0.19803370786516855 0.07784431137724551 0.0449438202247191
15 0.5131736526946108 0.19452247191011235 0.0658682634730539 0.02949438202247191
15 0.681437125748503 0.199438202247191 0.06467065868263473 0.042134831460674156
15 0.8293413173652695 0.32162921348314605 0.037125748502994015 0.06741573033707865
15 0.8281437125748503 0.523876404494382 0.03473053892215569 0.06460674157303371
15 0.8251497005988024 0.7198033707865169 0.03592814371257485 0.060393258426966294
15 0.8281437125748503 0.910814606741573 0.03473053892215569 0.07162921348314606
15 0.6778443113772455 0.4550561797752809 0.06227544910179641 0.028089887640449437
15 0.5179640718562875 0.45435393258426965 0.058682634730538925 0.04073033707865169
15 0.35449101796407184 0.45435393258426965 0.059880239520958084 0.04915730337078652
15 0.18682634730538922 0.45365168539325845 0.059880239520958084 0.03932584269662921
15 0.18263473053892215 0.9353932584269663 0.058682634730538925 0.047752808988764044
15 0.3568862275449102 0.9424157303370787 0.06706586826347305 0.03932584269662921
15 0.5191616766467065 0.9332865168539326 0.041916167664670656 0.04353932584269663
15 0.6874251497005988 0.9332865168539326 0.059880239520958084 0.04353932584269663
0 0.06107784431137724 0.27457865168539325 0.026347305389221556 0.04353932584269663
0 0.20059880239520958 0.2731741573033708 0.032335329341317366 0.037921348314606744
0 0.34910179640718564 0.28019662921348315 0.032335329341317366 0.04353932584269663
8 0.03293413173652695 0.08075842696629214 0.05149700598802395 0.04073033707865169
25 0.032335329341317366 0.16713483146067415 0.05029940119760479 0.03651685393258427
25 0.02874251497005988 0.4066011235955056 0.04790419161676647 0.02949438202247191
25 0.03293413173652695 0.8925561797752809 0.041916167664670656 0.032303370786516857
7 0.033532934131736525 0.3279494382022472 0.045508982035928146 0.037921348314606744
7 0.033532934131736525 0.8054775280898876 0.04790419161676647 0.046348314606741575
21 0.08982035928143713 0.8033707865168539 0.04790419161676647 0.03651685393258427
21 0.08682634730538923 0.3265449438202247 0.05149700598802395 0.02949438202247191
21 0.22335329341317364 0.3258426966292135 0.046706586826347304 0.025280898876404494
22 0.1568862275449102 0.32514044943820225 0.04311377245508982 0.0351123595505618
21 0.45269461077844314 0.32092696629213485 0.055089820359281436 0.032303370786516857
38 0.4497005988023952 0.35814606741573035 0.037125748502994015 0.033707865168539325
22 0.1437125748502994 0.5667134831460674 0.05029940119760479 0.037921348314606744
21 0.20838323353293414 0.5674157303370787 0.04311377245508982 0.028089887640449437
35 0.22035928143712574 0.6137640449438202 0.059880239520958084 0.05337078651685393
35 0.22994011976047904 0.36797752808988765 0.04790419161676647 0.05337078651685393
40 0.27664670658682633 0.3539325842696629 0.031137724550898204 0.033707865168539325
32 0.3143712574850299 0.3553370786516854 0.03952095808383234 0.03932584269662921
27 0.1082874251497006 0.3663342696629213 0.05888622754491018 0.03978932584269663
27 0.17614371257485031 0.3680898876404494 0.05089820359281437 0.038623595505617975
27 0.16267065868263475 0.6080337078651685 0.05788023952095808 0.04096910112359551
27 0.10479041916167664 0.8491292134831461 0.05788023952095808 0.038623595505617975
0 0.08583233532934131 0.520252808988764 0.041916167664670656 0.038623595505617975