15 0.1941031941031941 0.1994261119081779 0.07862407862407862 0.04591104734576758
15 0.36363636363636365 0.19727403156384504 0.07371007371007371 0.04160688665710186
15 0.5141277641277642 0.18794835007173602 0.1167076167076167 0.06312769010043041
15 0.7014742014742015 0.1915351506456241 0.07616707616707617 0.05021520803443329
15 0.8488943488943489 0.36872309899569583 0.06142506142506143 0.06886657101865136
15 0.8445945945945946 0.573170731707317 0.05036855036855037 0.08751793400286945
15 0.8482800982800983 0.7754662840746055 0.04054054054054054 0.06169296987087518
15 0.8439803439803439 0.9691535150645624 0.03931203931203931 0.058823529411764705
15 0.7014742014742015 0.7044476327116213 0.05896805896805897 0.040172166427546625
15 0.5282555282555282 0.7037302725968436 0.05405405405405406 0.035868005738880916
15 0.3617936117936118 0.7008608321377331 0.06265356265356266 0.04447632711621234
15 0.18611793611793612 0.7001434720229556 0.07493857493857493 0.040172166427546625
15 0.1891891891891892 0.43543758967001434 0.07125307125307126 0.047345767575322814
15 0.35135135135135137 0.4368723098995696 0.06388206388206388 0.04447632711621234
15 0.5319410319410319 0.4332855093256815 0.06142506142506143 0.054519368723098996
15 0.7014742014742015 0.43902439024390244 0.07125307125307126 0.04878048780487805
8 0.030712530712530713 0.0781922525107604 0.04914004914004914 0.047345767575322814
8 0.030098280098280097 0.3242467718794835 0.045454545454545456 0.040172166427546625
7 0.03194103194103194 0.5710186513629842 0.044226044226044224 0.043041606886657105
25 0.028255528255528257 0.1678622668579627 0.05405405405405406 0.028694404591104734
25 0.03132678132678133 0.4131994261119082 0.05036855036855037 0.028694404591104734
25 0.02886977886977887 0.6563845050215208 0.045454545454545456 0.03873744619799139
21 0.09029484029484029 0.5724533715925395 0.04791154791154791 0.03730272596843615
21 0.39434889434889436 0.5724533715925395 0.04668304668304668 0.040172166427546625
21 0.2106879606879607 0.8199426111908178 0.05036855036855037 0.03299856527977044
21 0.39127764127764125 0.8134863701578192 0.05036855036855037 0.03443328550932568
27 0.10687960687960688 0.6162123385939742 0.06388206388206388 0.04160688665710186
27 0.16523341523341523 0.8622668579626973 0.05036855036855037 0.04591104734576758
38 0.39373464373464373 0.8550932568149211 0.04054054054054054 0.03730272596843615
38 0.39434889434889436 0.6111908177905309 0.04176904176904177 0.043041606886657105
35 0.22174447174447173 0.8644189383070301 0.060196560196560195 0.05595408895265423
22 0.14619164619164618 0.8134863701578192 0.051597051597051594 0.04591104734576758