15 0.2472291904218928 0.23486486486486485 0.06322690992018244 0.03613672496025437
15 0.40220068415051313 0.2363116057233704 0.05805017103762827 0.04480127186009539
15 0.561835803876853 0.23268680445151035 0.06220068415051311 0.060699523052464226
15 0.7116191562143672 0.23341812400635928 0.07360319270239453 0.05635930047694754
15 0.8557012542759408 0.2030683624801272 0.03835803876852908 0.0621462639109698
15 0.8546750285062713 0.4299682034976152 0.03420752565564424 0.05635930047694754
15 0.7256100342075257 0.5137996820349762 0.0704903078677309 0.05635930047694754
15 0.5587229190421893 0.49718600953895076 0.06426453819840365 0.0578060413354531
15 0.40220068415051313 0.5101907790143084 0.05182440136830103 0.05203497615262321
15 0.23893956670467503 0.5072972972972972 0.061163055872291906 0.0578060413354531
17 0.9712884834663627 0.3808426073131956 0.04353477765108324 0.053481717011128777
40 0.2664082098061573 0.3931160572337043 0.031094640820980617 0.04335453100158983
32 0.30009122006841504 0.39384737678855325 0.032132269099201825 0.0390302066772655
25 0.09537058152793615 0.1813831478537361 0.047685290763968075 0.04480127186009539
25 0.09380843785632839 0.45599364069952303 0.04249714937286203 0.04769475357710652
21 0.04042189281641961 0.08744038155802862 0.04353477765108324 0.0390302066772655
21 0.14874572405929304 0.08672496025437201 0.048722919042189276 0.03468998410174881
21 0.21405929304446977 0.08599364069952306 0.04042189281641961 0.0390302066772655
21 0.15342075256556445 0.36205087440381556 0.047685290763968075 0.030349761526232113
7 0.09588369441277081 0.08888712241653418 0.050798175598631694 0.05058823529411765
7 0.09692132269099202 0.35771065182829886 0.04457240592930445 0.04480127186009539
27 0.1689623717217788 0.40756756756756757 0.05597491448118586 0.04335453100158983
27 0.1653363740022805 0.13513513513513514 0.054937286202964654 0.053481717011128777
28 0.055461801596351196 0.13441971383147852 0.048722919042189276 0.04335453100158983
35 0.22753705815279363 0.14019077901430843 0.050798175598631694 0.06937996820349762
0 0.02280501710376283 0.30712241653418126 0.04561003420752566 0.05635930047694754
0 0.12076396807297606 0.03468998410174881 0.027993158494868872 0.04046104928457869