0 0.12738496071829405 0.5161744022503516 0.03928170594837262 0.04781997187060478
0 0.25813692480359146 0.5154711673699015 0.031425364758698095 0.035161744022503515
0 0.38552188552188554 0.519690576652602 0.03254769921436588 0.040787623066104076
0 0.025813692480359147 0.7559774964838256 0.031425364758698095 0.035161744022503515
15 0.23905723905723905 0.9345991561181435 0.058361391694725026 0.0379746835443038
15 0.3939393939393939 0.9324894514767933 0.06060606060606061 0.04781997187060478
15 0.5482603815937149 0.9254571026722925 0.06621773288439955 0.06188466947960619
15 0.7132435465768799 0.9374120956399438 0.06397306397306397 0.052039381153305204
15 0.8439955106621774 0.9254571026722925 0.031425364758698095 0.05907172995780591
15 0.8395061728395061 0.7285513361462729 0.04040404040404041 0.06188466947960619
15 0.8428731762065096 0.5295358649789029 0.04040404040404041 0.057665260196905765
15 0.8451178451178452 0.3389592123769339 0.04264870931537598 0.053445850914205346
15 0.8417508417508418 0.1420534458509142 0.04040404040404041 0.053445850914205346
17 0.9607182940516273 0.8220815752461322 0.03367003367003367 0.04922644163150492
40 0.26374859708193044 0.3551336146272855 0.02244668911335578 0.040787623066104076
32 0.29685746352413017 0.3530239099859353 0.03479236812570146 0.03375527426160337
21 0.48428731762065097 0.5618846694796061 0.05499438832772166 0.0379746835443038
21 0.15039281705948374 0.8052039381153305 0.04713804713804714 0.035161744022503515
34 0.4820426487093154 0.6040787623066104 0.030303030303030304 0.040787623066104076
7 0.09483726150392817 0.8045007032348804 0.050505050505050504 0.03938115330520394
27 0.16722783389450055 0.8452883263009845 0.05387205387205387 0.03656821378340366
25 0.09539842873176206 0.8888888888888888 0.04040404040404041 0.03656821378340366