0 0.5371120107962213 0.04912023460410557 0.029689608636977057 0.030791788856304986
0 0.6950067476383266 0.045454545454545456 0.04588394062078273 0.03812316715542522
0 0.8076923076923077 0.2895894428152493 0.0310391363022942 0.04838709677419355
0 0.20917678812415655 0.07697947214076246 0.029689608636977057 0.021994134897360705
0 0.1882591093117409 0.08577712609970674 0.03643724696356275 0.024926686217008796
0 0.4865047233468286 0.2939882697947214 0.044534412955465584 0.045454545454545456
0 0.6518218623481782 0.2961876832844575 0.032388663967611336 0.04985337243401759
0 0.21120107962213225 0.24413489736070382 0.0310391363022942 0.024926686217008796
0 0.18488529014844804 0.2595307917888563 0.02699055330634278 0.03519061583577713
0 0.21052631578947367 0.41642228739002934 0.032388663967611336 0.03812316715542522
0 0.18353576248313092 0.43255131964809385 0.029689608636977057 0.03519061583577713
0 0.21120107962213225 0.5975073313782991 0.0310391363022942 0.021994134897360705
0 0.18353576248313092 0.6033724340175953 0.037786774628879895 0.03372434017595308
0 0.21120107962213225 0.7712609970674487 0.0310391363022942 0.02932551319648094
0 0.18083670715249664 0.7763929618768328 0.032388663967611336 0.03372434017595308
0 0.20917678812415655 0.9406158357771262 0.032388663967611336 0.024926686217008796
0 0.18286099865047234 0.9501466275659824 0.03643724696356275 0.03812316715542522
0 0.49460188933873145 0.5513196480938416 0.04183535762483131 0.04985337243401759
0 0.6538461538461539 0.5447214076246334 0.04993252361673414 0.05718475073313783
0 0.8090418353576249 0.5410557184750733 0.02834008097165992 0.04105571847507331
0 0.9730094466936572 0.5469208211143695 0.032388663967611336 0.04398826979472141
0 0.8569500674763832 0.7932551319648093 0.03508771929824561 0.03812316715542522
0 0.6956815114709851 0.7998533724340176 0.03913630229419703 0.039589442815249266
0 0.5350877192982456 0.7976539589442815 0.03643724696356275 0.04398826979472141
2 0.3097165991902834 0.9457478005865103 0.04183535762483131 0.04985337243401759
1 0.844804318488529 0.5960410557184751 0.05398110661268556 0.04252199413489736
1 0.8421052631578947 0.09310850439882698 0.05668016194331984 0.04252199413489736
3 0.3360323886639676 0.09090909090909091 0.043184885290148446 0.05571847507331378
3 0.3407557354925776 0.34750733137829914 0.0310391363022942 0.0469208211143695
3 0.33940620782726044 0.6033724340175953 0.04183535762483131 0.054252199413489736
3 0.33805668016194335 0.8504398826979472 0.03643724696356275 0.04105571847507331
4 0.41700404858299595 0.09750733137829912 0.04048582995951417 0.054252199413489736
4 0.4136302294197031 0.3467741935483871 0.05263157894736842 0.04838709677419355
4 0.41700404858299595 0.5982404692082112 0.037786774628879895 0.04105571847507331
4 0.41970310391363025 0.8526392961876833 0.04048582995951417 0.045454545454545456
5 0.4993252361673414 0.6011730205278593 0.04048582995951417 0.0469208211143695
5 0.4939271255060729 0.34310850439882695 0.04048582995951417 0.03812316715542522
16 0.6781376518218624 0.0967741935483871 0.044534412955465584 0.06451612903225806
16 0.6808367071524967 0.3489736070381232 0.04183535762483131 0.04985337243401759
16 0.6788124156545209 0.5982404692082112 0.037786774628879895 0.04985337243401759
16 0.6781376518218624 0.8555718475073314 0.0310391363022942 0.03372434017595308
24 0.5661268556005398 0.09457478005865103 0.044534412955465584 0.04838709677419355
24 0.5708502024291497 0.5982404692082112 0.043184885290148446 0.05865102639296188
21 0.9129554655870445 0.34237536656891493 0.058029689608636977 0.036656891495601175
21 0.9190283400809717 0.5953079178885631 0.05668016194331984 0.03812316715542522
33 0.9197031039136302 0.38929618768328444 0.05263157894736842 0.060117302052785926
33 0.9136302294197031 0.6370967741935484 0.05128205128205128 0.039589442815249266