0 0.45905707196029777 0.0367965367965368 0.02729528535980149 0.027417027417027416
0 0.6054590570719603 0.0367965367965368 0.034739454094292806 0.03318903318903319
0 0.7518610421836228 0.0367965367965368 0.02729528535980149 0.04184704184704185
0 0.8995037220843672 0.03968253968253968 0.03225806451612903 0.03896103896103896
0 0.17369727047146402 0.20707070707070707 0.034739454094292806 0.03896103896103896
0 0.17121588089330025 0.3787878787878788 0.034739454094292806 0.03896103896103896
0 0.17493796526054592 0.551948051948052 0.03225806451612903 0.03896103896103896
0 0.4956575682382134 0.2857142857142857 0.02357320099255583 0.04040404040404041
0 0.6439205955334988 0.2828282828282828 0.03225806451612903 0.049062049062049064
0 0.7866004962779156 0.2857142857142857 0.02729528535980149 0.046176046176046176
0 0.9373449131513648 0.2857142857142857 0.033498759305210915 0.04329004329004329
0 0.4596774193548387 0.536075036075036 0.028535980148883373 0.03607503607503607
0 0.6060794044665012 0.5396825396825397 0.028535980148883373 0.046176046176046176
0 0.7518610421836228 0.536075036075036 0.02977667493796526 0.047619047619047616
0 0.8964019851116626 0.5418470418470418 0.03598014888337469 0.044733044733044736
0 0.9081885856079405 0.7784992784992785 0.02729528535980149 0.050505050505050504
0 0.7599255583126551 0.7784992784992785 0.02357320099255583 0.044733044733044736
0 0.6110421836228288 0.7784992784992785 0.033498759305210915 0.04184704184704185
0 0.4633995037220844 0.7756132756132756 0.028535980148883373 0.044733044733044736
0 0.1978908188585608 0.7121212121212122 0.031017369727047148 0.03318903318903319
0 0.17307692307692307 0.7258297258297258 0.026054590570719603 0.02886002886002886
0 0.19851116625310175 0.8831168831168831 0.03722084367245657 0.02886002886002886
0 0.17245657568238212 0.8975468975468975 0.03225806451612903 0.031746031746031744
1 0.7841191066997518 0.09018759018759019 0.05459057071960298 0.04184704184704185
1 0.78287841191067 0.33261183261183264 0.04714640198511166 0.03896103896103896
1 0.7872208436724566 0.5909090909090909 0.05086848635235732 0.044733044733044736
1 0.7772952853598015 0.8246753246753247 0.04838709677419355 0.044733044733044736
3 0.31327543424317617 0.08658008658008658 0.04094292803970223 0.04329004329004329
3 0.31389578163771714 0.3333333333333333 0.034739454094292806 0.04329004329004329
3 0.3176178660049628 0.5836940836940837 0.03970223325062035 0.04184704184704185
3 0.31389578163771714 0.8282828282828283 0.03970223325062035 0.04040404040404041
4 0.38957816377171217 0.08658008658008658 0.03970223325062035 0.05194805194805195
4 0.38771712158808935 0.33405483405483405 0.038461538461538464 0.03607503607503607
4 0.38771712158808935 0.5894660894660895 0.031017369727047148 0.04184704184704185
4 0.38461538461538464 0.8268398268398268 0.03722084367245657 0.049062049062049064
5 0.4633995037220844 0.5873015873015873 0.033498759305210915 0.03463203463203463
5 0.46153846153846156 0.8304473304473304 0.03970223325062035 0.04184704184704185
16 0.6284119106699751 0.08152958152958154 0.04590570719602978 0.05339105339105339
16 0.6277915632754343 0.3318903318903319 0.04714640198511166 0.046176046176046176
16 0.6308933002481389 0.5901875901875901 0.028535980148883373 0.03751803751803752
16 0.6265508684863523 0.8261183261183261 0.03970223325062035 0.050505050505050504
23 0.7016129032258065 0.5901875901875901 0.04838709677419355 0.03751803751803752
23 0.7003722084367245 0.08874458874458875 0.038461538461538464 0.03896103896103896
24 0.5235732009925558 0.0873015873015873 0.04714640198511166 0.044733044733044736
24 0.5254342431761787 0.3383838383838384 0.038461538461538464 0.044733044733044736
24 0.5229528535980149 0.5858585858585859 0.038461538461538464 0.04040404040404041
24 0.5266749379652605 0.8318903318903319 0.03598014888337469 0.044733044733044736
21 0.9112903225806451 0.0873015873015873 0.043424317617866005 0.021645021645021644
21 0.9174937965260546 0.5894660894660895 0.04590570719602978 0.03607503607503607
21 0.8442928039702233 0.8282828282828283 0.05334987593052109 0.03751803751803752
22 0.9602977667493796 0.08513708513708514 0.03970223325062035 0.031746031746031744
22 0.9578163771712159 0.8304473304473304 0.04714640198511166 0.03318903318903319
33 0.847394540942928 0.8722943722943723 0.03722084367245657 0.03896103896103896
28 0.9689826302729528 0.12914862914862915 0.05459057071960298 0.050505050505050504
28 0.9696029776674938 0.8715728715728716 0.05086848635235732 0.04329004329004329