0 0.02871410736579276 0.033576642335766425 0.03245942571785269 0.035036496350364967
0 0.17540574282147317 0.03941605839416058 0.04868913857677903 0.07007299270072993
0 0.31647940074906367 0.033576642335766425 0.03870162297128589 0.052554744525547446
15 0.18476903870162298 0.4635036496350365 0.05493133583021224 0.03941605839416058
15 0.3589263420724095 0.47007299270072994 0.06117353308364544 0.040875912408759124
15 0.5249687890137328 0.45985401459854014 0.08114856429463171 0.049635036496350364
15 0.7072409488139825 0.464963503649635 0.05867665418227216 0.05693430656934306
15 0.8520599250936329 0.6211678832116788 0.046192259675405745 0.07153284671532846
15 0.8514357053682896 0.8291970802919708 0.04744069912609238 0.06423357664233577
15 0.18102372034956304 0.9656934306569344 0.06491885143570537 0.042335766423357665
15 0.36079900124843944 0.9613138686131387 0.0599250936329588 0.05401459854014599
15 0.5324594257178527 0.9678832116788321 0.08863920099875156 0.043795620437956206
15 0.7028714107365793 0.962043795620438 0.0749063670411985 0.049635036496350364
21 0.3938826466916355 0.08394160583941605 0.056179775280898875 0.033576642335766425
38 0.39575530586766544 0.12043795620437957 0.039950062421972535 0.042335766423357665
8 0.02746566791510612 0.33211678832116787 0.052434456928838954 0.04817518248175182
8 0.025593008739076155 0.8321167883211679 0.04868913857677903 0.052554744525547446
25 0.026217228464419477 0.4197080291970803 0.052434456928838954 0.051094890510948905
25 0.026217228464419477 0.918978102189781 0.0449438202247191 0.03941605839416058