0 0.06711822660098522 0.286231884057971 0.02832512315270936 0.0391304347826087
0 0.20689655172413793 0.2855072463768116 0.04433497536945813 0.04927536231884058
0 0.3583743842364532 0.2833333333333333 0.03940886699507389 0.0536231884057971
15 0.1915024630541872 0.21159420289855072 0.0603448275862069 0.043478260869565216
15 0.3608374384236453 0.2144927536231884 0.07881773399014778 0.05217391304347826
15 0.5227832512315271 0.21231884057971015 0.07019704433497537 0.050724637681159424
15 0.7050492610837439 0.20942028985507247 0.05541871921182266 0.050724637681159424
15 0.8472906403940886 0.034782608695652174 0.04433497536945813 0.057971014492753624
15 0.8491379310344828 0.23405797101449274 0.04556650246305419 0.08550724637681159
15 0.854679802955665 0.427536231884058 0.05665024630541872 0.0782608695652174
15 0.8417487684729064 0.6289855072463768 0.050492610837438424 0.08405797101449275
15 0.8522167487684729 0.8449275362318841 0.05172413793103448 0.08115942028985507
40 0.21490147783251232 0.6115942028985507 0.03571428571428571 0.04057971014492753
32 0.25307881773399016 0.6101449275362318 0.03571428571428571 0.03188405797101449
21 0.4525862068965517 0.3347826086956522 0.05788177339901478 0.043478260869565216
34 0.45935960591133007 0.3847826086956522 0.04187192118226601 0.050724637681159424
7 0.03017241379310345 0.08115942028985507 0.050492610837438424 0.03768115942028986
21 0.08928571428571429 0.08188405797101449 0.05788177339901478 0.042028985507246375
27 0.10899014778325124 0.12246376811594203 0.06280788177339902 0.0536231884057971
25 0.03140394088669951 0.1673913043478261 0.0480295566502463 0.042028985507246375