0 0.054878048780487805 0.28798842257597684 0.03414634146341464 0.04052098408104197
0 0.20121951219512196 0.28798842257597684 0.03170731707317073 0.04341534008683068
0 0.348780487804878 0.28798842257597684 0.03170731707317073 0.04341534008683068
15 0.19146341463414634 0.4645441389290883 0.08048780487804878 0.04630969609261939
15 0.35 0.46526772793053545 0.05609756097560976 0.053545586107091175
15 0.525 0.4667149059334298 0.07682926829268293 0.04486251808972504
15 0.6829268292682927 0.467438494934877 0.08048780487804878 0.05499276410998553
15 0.8396341463414634 0.04630969609261939 0.03780487804878049 0.060781476121562955
15 0.8378048780487805 0.24457308248914617 0.03902439024390244 0.07525325615050651
15 0.8353658536585366 0.44211287988422576 0.036585365853658534 0.06801736613603473
15 0.8317073170731707 0.6541244573082489 0.03414634146341464 0.07814761215629522
15 0.6926829268292682 0.7178002894356006 0.06341463414634146 0.04341534008683068
15 0.5237804878048781 0.7163531114327062 0.06219512195121951 0.05209840810419682
15 0.35365853658536583 0.7141823444283647 0.08780487804878048 0.056439942112879886
15 0.18658536585365854 0.7141823444283647 0.07317073170731707 0.041968162083936326
21 0.44634146341463415 0.33285094066570187 0.05609756097560976 0.03473227206946455
21 0.0871951219512195 0.33719247467438496 0.05 0.03473227206946455
7 0.02804878048780488 0.3350217076700434 0.046341463414634146 0.04775687409551375
8 0.025 0.5817655571635311 0.05 0.049204052098408106
25 0.032926829268292684 0.6736613603473227 0.05121951219512195 0.03328509406657019
25 0.02621951219512195 0.4204052098408104 0.0524390243902439 0.041968162083936326
27 0.10365853658536585 0.3835021707670043 0.07560975609756097 0.04341534008683068
34 0.4451219512195122 0.3748191027496382 0.041463414634146344 0.05209840810419682
17 0.9640243902439024 0.597684515195369 0.032926829268292684 0.05209840810419682