0 0.49875 0.032846715328467155 0.035 0.042335766423357665
0 0.64625 0.035036496350364967 0.0325 0.03795620437956204
0 0.796875 0.034306569343065696 0.03625 0.04817518248175182
0 0.945 0.033576642335766425 0.0375 0.049635036496350364
0 0.90375 0.2832116788321168 0.03 0.04671532846715328
0 0.75875 0.28686131386861313 0.0325 0.024817518248175182
0 0.61125 0.2839416058394161 0.035 0.03941605839416058
0 0.460625 0.28978102189781024 0.03125 0.0364963503649635
0 0.174375 0.27445255474452557 0.04125 0.035036496350364967
0 0.180625 0.10145985401459855 0.06125 0.04525547445255475
0 0.455 0.5284671532846715 0.04 0.05547445255474453
0 0.60625 0.5357664233576642 0.0475 0.035036496350364967
0 0.750625 0.5364963503649635 0.02625 0.05693430656934306
0 0.7575 0.7773722627737226 0.0325 0.05693430656934306
0 0.604375 0.7824817518248175 0.02625 0.040875912408759124
0 0.454375 0.7861313868613139 0.03875 0.0364963503649635
0 0.175625 0.44525547445255476 0.03125 0.026277372262773723
0 0.20125 0.47007299270072994 0.0325 0.032116788321167884
0 0.169375 0.6124087591240875 0.03625 0.033576642335766425
0 0.2025 0.6445255474452555 0.03 0.030656934306569343
0 0.17 0.7905109489051095 0.0325 0.033576642335766425
0 0.198125 0.8189781021897811 0.03125 0.029197080291970802
0 0.175 0.9664233576642336 0.0225 0.035036496350364967
0 0.198125 0.9846715328467154 0.03375 0.030656934306569343
1 0.790625 0.34014598540145985 0.06125 0.035036496350364967
1 0.784375 0.5854014598540146 0.04625 0.040875912408759124
1 0.785 0.8335766423357664 0.0425 0.043795620437956206
3 0.310625 0.07956204379562044 0.04875 0.05693430656934306
3 0.3125 0.3284671532846715 0.045 0.04671532846715328
3 0.31125 0.5737226277372263 0.0525 0.06715328467153285
3 0.3175 0.8343065693430657 0.035 0.051094890510948905
4 0.38875 0.08175182481751825 0.0475 0.058394160583941604
4 0.385 0.3364963503649635 0.0475 0.03941605839416058
4 0.393125 0.5795620437956205 0.05125 0.04671532846715328
4 0.39 0.8335766423357664 0.0325 0.052554744525547446
5 0.4625 0.33795620437956203 0.04 0.042335766423357665
5 0.4625 0.5817518248175182 0.04 0.04525547445255475
5 0.461875 0.8364963503649635 0.04125 0.052554744525547446
16 0.629375 0.08394160583941605 0.04125 0.06277372262773723
16 0.630625 0.34087591240875914 0.04375 0.0364963503649635
16 0.634375 0.8386861313868613 0.03625 0.051094890510948905
24 0.52625 0.3386861313868613 0.0475 0.043795620437956206
24 0.523125 0.5861313868613138 0.04375 0.05401459854014599
24 0.529375 0.8321167883211679 0.03875 0.05547445255474453
23 0.7025 0.34087591240875914 0.0525 0.042335766423357665
21 0.918125 0.3386861313868613 0.04875 0.032116788321167884
21 0.849375 0.5766423357664233 0.05625 0.040875912408759124
21 0.855625 0.8328467153284671 0.05375 0.033576642335766425
33 0.8525 0.6262773722627737 0.0475 0.040875912408759124
33 0.854375 0.8759124087591241 0.04375 0.043795620437956206