0 0.4313118811881188 0.03784570596797671 0.02599009900990099 0.026200873362445413
0 0.5767326732673267 0.04148471615720524 0.034653465346534656 0.036390101892285295
0 0.7246287128712872 0.04294032023289665 0.03341584158415842 0.039301310043668124
0 0.869430693069307 0.039301310043668124 0.03341584158415842 0.046579330422125184
0 0.9077970297029703 0.2852983988355167 0.03341584158415842 0.03784570596797671
0 0.7574257425742574 0.28093158660844253 0.03712871287128713 0.040756914119359534
0 0.614480198019802 0.2823871906841339 0.04826732673267327 0.043668122270742356
0 0.4709158415841584 0.2889374090247453 0.03589108910891089 0.048034934497816595
0 0.7438118811881188 0.5393013100436681 0.034653465346534656 0.039301310043668124
0 0.5996287128712872 0.5400291120815138 0.028465346534653466 0.043668122270742356
0 0.4498762376237624 0.5349344978165939 0.03094059405940594 0.036390101892285295
0 0.46410891089108913 0.7838427947598253 0.039603960396039604 0.042212518195050945
0 0.6150990099009901 0.7874818049490538 0.024752475247524754 0.02911208151382824
0 0.7561881188118812 0.7823871906841339 0.022277227722772276 0.033478893740902474
0 0.9047029702970297 0.7860262008733624 0.034653465346534656 0.040756914119359534
0 0.17574257425742573 0.24672489082969432 0.03712871287128713 0.042212518195050945
0 0.17326732673267325 0.4141193595342067 0.03712871287128713 0.04512372634643377
0 0.17202970297029702 0.5938864628820961 0.04455445544554455 0.046579330422125184
0 0.17636138613861385 0.7634643377001455 0.03094059405940594 0.027656477438136828
0 0.1751237623762376 0.9366812227074236 0.03589108910891089 0.039301310043668124
3 0.3131188118811881 0.08951965065502183 0.03712871287128713 0.053857350800582245
3 0.3118811881188119 0.33770014556040756 0.04455445544554455 0.040756914119359534
3 0.31373762376237624 0.5887918486171762 0.04084158415841584 0.04512372634643377
3 0.3131188118811881 0.834061135371179 0.039603960396039604 0.055312954876273655
4 0.390470297029703 0.08733624454148471 0.043316831683168314 0.046579330422125184
4 0.3879950495049505 0.34279475982532753 0.03341584158415842 0.04512372634643377
4 0.3842821782178218 0.5909752547307132 0.03589108910891089 0.043668122270742356
4 0.38551980198019803 0.8398835516739447 0.04579207920792079 0.046579330422125184
1 0.780940594059406 0.8347889374090247 0.06188118811881188 0.036390101892285295
1 0.7821782178217822 0.08806404657933042 0.05693069306930693 0.042212518195050945
1 0.7821782178217822 0.5858806404657934 0.04950495049504951 0.04512372634643377
5 0.463490099009901 0.3398835516739447 0.043316831683168314 0.04512372634643377
5 0.46101485148514854 0.5909752547307132 0.03341584158415842 0.049490538573508006
16 0.6293316831683168 0.08733624454148471 0.04084158415841584 0.040756914119359534
16 0.614480198019802 0.33551673944687044 0.03589108910891089 0.042212518195050945
16 0.6280940594059405 0.5844250363901019 0.04084158415841584 0.04512372634643377
16 0.614480198019802 0.8369723435225619 0.03094059405940594 0.040756914119359534
24 0.5253712871287128 0.08879184861717612 0.04084158415841584 0.05240174672489083
24 0.5247524752475248 0.5902474526928675 0.039603960396039604 0.048034934497816595
24 0.5235148514851485 0.8355167394468704 0.039603960396039604 0.046579330422125184
23 0.6992574257425742 0.08879184861717612 0.04950495049504951 0.040756914119359534
21 0.9183168316831684 0.08951965065502183 0.04702970297029703 0.03056768558951965
21 0.8446782178217822 0.5887918486171762 0.053217821782178217 0.03056768558951965
22 0.9542079207920792 0.3369723435225619 0.04207920792079208 0.03056768558951965
28 0.9672029702970297 0.38064046579330424 0.055693069306930694 0.042212518195050945
28 0.969059405940594 0.8850072780203785 0.054455445544554455 0.040756914119359534
22 0.9542079207920792 0.8355167394468704 0.04455445544554455 0.040756914119359534
33 0.8477722772277227 0.6353711790393013 0.06683168316831684 0.056768558951965066