0 0.4601734820322181 0.04319758672699849 0.030421313506815366 0.034283559577677224
0 0.6071871127633209 0.04113122171945701 0.03604708798017348 0.03838612368024132
0 0.7463073110285006 0.0438763197586727 0.04618339529120199 0.049366515837104066
0 0.45961586121437426 0.2961689291101056 0.024783147459727387 0.03838612368024132
0 0.6083147459727386 0.3002865761689291 0.0315365551425031 0.03838612368024132
0 0.7485625774473359 0.2989140271493213 0.04168525402726146 0.046621417797888386
0 0.9012019826517967 0.3078280542986425 0.03379182156133829 0.05073906485671192
0 0.9023296158612143 0.5587481146304676 0.0315365551425031 0.058959276018099555
0 0.7598265179677819 0.5587481146304676 0.034919454770755885 0.05073906485671192
0 0.6094423791821562 0.5539517345399698 0.03830235439900868 0.052111613876319754
0 0.4658116480793061 0.5573906485671192 0.03266418835192069 0.04799396681749623
0 0.17292441140024783 0.14740573152337857 0.030421313506815366 0.026048265460030164
0 0.1982651796778191 0.17345399698340874 0.02929368029739777 0.026048265460030164
0 0.17292441140024783 0.32565610859728505 0.030421313506815366 0.03702865761689291
0 0.1982651796778191 0.3475867269984917 0.0315365551425031 0.034283559577677224
0 0.17403965303593555 0.5059577677224736 0.034919454770755885 0.02467571644042232
0 0.1960099132589839 0.5299547511312217 0.03604708798017348 0.02330316742081448
0 0.17403965303593555 0.6869532428355958 0.03942998760842627 0.03291101055806938
0 0.1982651796778191 0.7082202111613877 0.04281288723667905 0.031538461538461536
1 0.785179677819083 0.09254901960784313 0.040557620817843865 0.03702865761689291
1 0.7806691449814126 0.35444947209653094 0.04731102850061958 0.04799396681749623
1 0.7829244114002479 0.6108597285067874 0.05631970260223049 0.034283559577677224
2 0.2900743494423792 0.7150678733031673 0.043928128872366794 0.031538461538461536
3 0.3154275092936803 0.09254901960784313 0.040557620817843865 0.042503770739064854
3 0.3142998760842627 0.35582202111613875 0.054076827757125155 0.06170437405731523
3 0.3159851301115242 0.6094871794871795 0.03942998760842627 0.04799396681749623
4 0.38639405204460964 0.09254901960784313 0.04281288723667905 0.04799396681749623
4 0.3903345724907063 0.35239819004524886 0.03717472118959108 0.06033182503770739
4 0.38977695167286247 0.6142835595776772 0.040557620817843865 0.049366515837104066
5 0.46130111524163564 0.09324283559577677 0.03717472118959108 0.0438763197586727
16 0.6285873605947955 0.09324283559577677 0.040557620817843865 0.03838612368024132
16 0.6302850061957869 0.35307692307692307 0.03717472118959108 0.05073906485671192
16 0.6269021065675341 0.6094871794871795 0.03942998760842627 0.04799396681749623
24 0.5249566294919454 0.0911764705882353 0.03830235439900868 0.03975867269984917
24 0.5255142503097893 0.35377073906485673 0.04168525402726146 0.03838612368024132
24 0.5243866171003717 0.6088084464555052 0.03942998760842627 0.046621417797888386
21 0.8460099132589839 0.08912518853695325 0.05857496902106568 0.049366515837104066
21 0.914721189591078 0.35170437405731525 0.040557620817843865 0.026048265460030164
22 0.958091697645601 0.6108597285067874 0.04168525402726146 0.031538461538461536
28 0.9710532837670384 0.6540573152337859 0.05182156133828996 0.046621417797888386
33 0.8460099132589839 0.13711915535444946 0.03604708798017348 0.03291101055806938
23 0.6995662949194548 0.3475867269984917 0.054076827757125155 0.04524886877828054