15 0.8450789793438639 0.11499272197962154 0.03766707168894289 0.07278020378457059
15 0.8444714459295262 0.3282387190684134 0.038882138517618466 0.06841339155749636
15 0.8444714459295262 0.5320232896652111 0.046172539489671933 0.08005822416302766
15 0.8481166464155528 0.7197962154294032 0.04374240583232078 0.0858806404657933
15 0.8481166464155528 0.9330422125181951 0.03402187120291616 0.07278020378457059
15 0.7004860267314702 0.9694323144104804 0.04981773997569866 0.05240174672489083
15 0.534629404617254 0.9708879184861717 0.0583232077764277 0.05240174672489083
15 0.3596597812879708 0.9665211062590975 0.05589307411907655 0.049490538573508006
15 0.19501822600243013 0.9730713245997089 0.06682867557715674 0.04512372634643377
7 0.03948967193195626 0.8362445414847162 0.04981773997569866 0.04512372634643377
21 0.10024301336573511 0.8384279475982532 0.05710814094775213 0.040756914119359534
27 0.1166464155528554 0.88136826783115 0.05589307411907655 0.048034934497816595
25 0.040097205346294046 0.9199417758369723 0.046172539489671933 0.03784570596797671