0 0.4567669172932331 0.032116788321167884 0.02882205513784461 0.03795620437956204
0 0.6027568922305765 0.03576642335766423 0.03508771929824561 0.03941605839416058
0 0.7456140350877193 0.03868613138686131 0.03258145363408521 0.051094890510948905
0 0.17105263157894737 0.16058394160583941 0.041353383458646614 0.032116788321167884
0 0.16854636591478697 0.33941605839416056 0.04887218045112782 0.059854014598540145
0 0.16979949874686717 0.5051094890510949 0.03132832080200501 0.04671532846715328
0 0.16979949874686717 0.6861313868613139 0.043859649122807015 0.052554744525547446
0 0.17543859649122806 0.8562043795620438 0.02756892230576441 0.027737226277372264
0 0.18859649122807018 0.9708029197080292 0.041353383458646614 0.035036496350364967
0 0.4617794486215539 0.535036496350365 0.03132832080200501 0.04525547445255475
0 0.6121553884711779 0.5306569343065694 0.041353383458646614 0.042335766423357665
0 0.7593984962406015 0.5306569343065694 0.02756892230576441 0.04525547445255475
0 0.9085213032581454 0.5364963503649635 0.02756892230576441 0.04525547445255475
0 0.7537593984962406 0.7897810218978102 0.021303258145363407 0.04671532846715328
0 0.5977443609022557 0.789051094890511 0.047619047619047616 0.042335766423357665
0 0.4542606516290727 0.7854014598540145 0.046365914786967416 0.032116788321167884
1 0.7882205513784462 0.08759124087591241 0.05263157894736842 0.043795620437956206
1 0.7882205513784462 0.5868613138686132 0.042606516290726815 0.049635036496350364
1 0.7857142857142857 0.8357664233576643 0.045112781954887216 0.042335766423357665
3 0.32205513784461154 0.09343065693430656 0.05263157894736842 0.061313868613138686
3 0.3132832080200501 0.33795620437956203 0.045112781954887216 0.03941605839416058
3 0.3176691729323308 0.583941605839416 0.03884711779448621 0.049635036496350364
3 0.31203007518796994 0.8408759124087591 0.042606516290726815 0.052554744525547446
4 0.3890977443609023 0.08394160583941605 0.03383458646616541 0.051094890510948905
4 0.3890977443609023 0.34306569343065696 0.05388471177944862 0.058394160583941604
4 0.38784461152882205 0.5868613138686132 0.041353383458646614 0.052554744525547446
4 0.38721804511278196 0.8343065693430657 0.03258145363408521 0.04817518248175182
5 0.46365914786967416 0.08394160583941605 0.047619047619047616 0.04525547445255475
5 0.4630325814536341 0.335036496350365 0.03634085213032581 0.05401459854014599
5 0.4642857142857143 0.843065693430657 0.03634085213032581 0.04525547445255475
16 0.6303258145363408 0.8364963503649635 0.03508771929824561 0.049635036496350364
16 0.6303258145363408 0.5875912408759124 0.040100250626566414 0.04817518248175182
16 0.6334586466165414 0.33795620437956203 0.04887218045112782 0.04525547445255475
16 0.6322055137844611 0.08175182481751825 0.043859649122807015 0.052554744525547446
24 0.525062656641604 0.08102189781021898 0.03759398496240601 0.0364963503649635
24 0.525062656641604 0.5854014598540146 0.05263157894736842 0.058394160583941604
24 0.5275689223057645 0.8357664233576643 0.045112781954887216 0.04817518248175182
21 0.8489974937343359 0.08394160583941605 0.05639097744360902 0.0364963503649635
21 0.918546365914787 0.5832116788321168 0.05012531328320802 0.03941605839416058
21 0.8483709273182958 0.8343065693430657 0.06516290726817042 0.04525547445255475
23 0.7030075187969925 0.5868613138686132 0.042606516290726815 0.04671532846715328
33 0.8533834586466166 0.12627737226277372 0.05012531328320802 0.04525547445255475
33 0.8489974937343359 0.881021897810219 0.046365914786967416 0.03941605839416058