0 0.19458281444582815 0.029196581196581195 0.030099626400996265 0.0356068376068376
0 0.16708592777085926 0.09473504273504274 0.037359900373599 0.03276923076923077
0 0.19250311332503114 0.22863247863247863 0.028019925280199254 0.04131623931623932
0 0.1727895392278954 0.30128205128205127 0.03424657534246575 0.02705982905982906
0 0.46024906600249066 0.05697435897435897 0.01971357409713574 0.042735042735042736
0 0.6003486924034869 0.06338461538461539 0.030099626400996265 0.038461538461538464
0 0.7503113325031133 0.057692307692307696 0.029053549190535488 0.038461538461538464
0 0.898717310087173 0.06623931623931624 0.03321295143212952 0.03276923076923077
2 0.28123287671232877 0.23576068376068374 0.039439601494396015 0.04415384615384615
1 0.7778082191780823 0.12321367521367521 0.04255292652552927 0.04700854700854701
3 0.3123661270236613 0.12107692307692307 0.03321295143212952 0.04558974358974359
4 0.38708592777085926 0.12107692307692307 0.04566625155666252 0.04558974358974359
16 0.6216313823163139 0.12535042735042734 0.04150684931506849 0.05128205128205128
23 0.6973848069738481 0.12464957264957265 0.04566625155666252 0.05555555555555555
24 0.523038605230386 0.12535042735042734 0.037359900373599 0.042735042735042736
21 0.9090909090909091 0.12251282051282052 0.049813200498132 0.03418803418803419
22 0.9573474470734745 0.11894017094017094 0.03216687422166874 0.04415384615384615
28 0.9687671232876712 0.16738461538461538 0.050846824408468244 0.04986324786324787