0 0.06335403726708075 0.5303907380607815 0.02236024844720497 0.03907380607814761
0 0.21055900621118012 0.532561505065123 0.02857142857142857 0.03473227206946455
0 0.36024844720496896 0.5318379160636758 0.0422360248447205 0.04486251808972504
15 0.19316770186335402 0.7185238784370478 0.06832298136645963 0.05065123010130246
15 0.36149068322981365 0.7083936324167872 0.05714285714285714 0.059334298118668596
15 0.5316770186335403 0.7178002894356006 0.07701863354037267 0.04630969609261939
15 0.7142857142857143 0.715629522431259 0.05962732919254658 0.056439942112879886
15 0.8527950310559006 0.91027496382055 0.05093167701863354 0.0694645441389291
7 0.031055900621118012 0.581041968162084 0.049689440993788817 0.04486251808972504
21 0.09254658385093167 0.5824891461649783 0.05341614906832298 0.03907380607814761
21 0.46335403726708074 0.581041968162084 0.06459627329192547 0.03328509406657019
27 0.11055900621118013 0.6244573082489147 0.07204968944099378 0.04775687409551375
25 0.031055900621118012 0.6649782923299565 0.04720496894409938 0.05065123010130246
34 0.4652173913043478 0.622286541244573 0.02360248447204969 0.05209840810419682
40 0.22111801242236026 0.8574529667149059 0.034782608695652174 0.03328509406657019
32 0.2577639751552795 0.8574529667149059 0.031055900621118012 0.0361794500723589