0 0.05217391304347826 0.038461538461538464 0.03229813664596273 0.03918722786647315
0 0.20062111801242236 0.045718432510885344 0.03354037267080745 0.033381712626995644
0 0.34968944099378885 0.045718432510885344 0.03602484472049689 0.03918722786647315
0 0.05341614906832298 0.7830188679245284 0.0422360248447205 0.05079825834542816
0 0.20062111801242236 0.7880986937590712 0.043478260869565216 0.055152394775036286
0 0.34968944099378885 0.7924528301886793 0.02857142857142857 0.04644412191582003
15 0.1906832298136646 0.465166908563135 0.06832298136645963 0.047895500725689405
15 0.3652173913043478 0.4637155297532656 0.08944099378881988 0.047895500725689405
15 0.5273291925465838 0.4644412191582003 0.07329192546583851 0.04354136429608128
15 0.7006211180124223 0.4637155297532656 0.0670807453416149 0.0420899854862119
15 0.8459627329192546 0.658200290275762 0.03975155279503106 0.09143686502177069
15 0.8484472049689441 0.8708272859216255 0.05217391304347826 0.07547169811320754
21 0.4515527950310559 0.09361393323657474 0.06086956521739131 0.033381712626995644
21 0.453416149068323 0.8381712626995645 0.062111801242236024 0.0420899854862119
21 0.08260869565217391 0.33454281567489114 0.0484472049689441 0.0420899854862119
7 0.02546583850931677 0.33454281567489114 0.05093167701863354 0.047895500725689405
27 0.10372670807453416 0.3802612481857765 0.06832298136645963 0.04354136429608128
25 0.02546583850931677 0.41944847605224966 0.05093167701863354 0.055152394775036286
34 0.45279503105590063 0.13352685050798258 0.02857142857142857 0.04644412191582003
34 0.45279503105590063 0.8809869375907112 0.02360248447204969 0.04934687953555878