0 0.4658385093167702 0.02478134110787172 0.024844720496894408 0.037900874635568516
0 0.615527950310559 0.023323615160349854 0.02857142857142857 0.03498542274052478
0 0.7527950310559006 0.02478134110787172 0.03229813664596273 0.037900874635568516
0 0.9 0.02696793002915452 0.03850931677018633 0.04227405247813411
0 0.19751552795031055 0.05466472303206997 0.02732919254658385 0.021865889212827987
0 0.16770186335403728 0.060495626822157436 0.04472049689440994 0.027696793002915453
0 0.1956521739130435 0.22084548104956267 0.02360248447204969 0.033527696793002916
0 0.168944099378882 0.23760932944606414 0.037267080745341616 0.026239067055393587
0 0.19316770186335402 0.3935860058309038 0.02857142857142857 0.03206997084548105
0 0.16645962732919253 0.4096209912536443 0.03229813664596273 0.03498542274052478
0 0.1937888198757764 0.576530612244898 0.02981366459627329 0.030612244897959183
0 0.16956521739130434 0.5816326530612245 0.02857142857142857 0.026239067055393587
0 0.19937888198757764 0.7448979591836735 0.02608695652173913 0.03206997084548105
0 0.17142857142857143 0.7565597667638484 0.024844720496894408 0.03206997084548105
0 0.1937888198757764 0.9205539358600583 0.02981366459627329 0.02478134110787172
0 0.17142857142857143 0.9285714285714286 0.02732919254658385 0.03498542274052478
0 0.45900621118012425 0.5211370262390671 0.03602484472049689 0.05393586005830904
0 0.6012422360248447 0.5189504373177842 0.03229813664596273 0.04664723032069971
0 0.746583850931677 0.5225947521865889 0.034782608695652174 0.048104956268221574
0 0.8944099378881988 0.5255102040816326 0.034782608695652174 0.048104956268221574
0 0.9347826086956522 0.7762390670553936 0.031055900621118012 0.033527696793002916
0 0.7888198757763976 0.7769679300291545 0.02732919254658385 0.037900874635568516
0 0.639751552795031 0.7704081632653061 0.02236024844720497 0.03644314868804665
0 0.49130434782608695 0.7769679300291545 0.03850931677018633 0.037900874635568516
1 0.7832298136645963 0.5794460641399417 0.0484472049689441 0.05102040816326531
2 0.28633540372670807 0.924198250728863 0.043478260869565216 0.03206997084548105
3 0.3142857142857143 0.06997084548104957 0.0422360248447205 0.05830903790087463
3 0.3142857142857143 0.32653061224489793 0.04472049689440994 0.061224489795918366
3 0.31180124223602484 0.5750728862973761 0.03975155279503106 0.05102040816326531
3 0.31614906832298134 0.8243440233236151 0.040993788819875775 0.04518950437317784
4 0.38633540372670805 0.0794460641399417 0.03975155279503106 0.04518950437317784
4 0.3875776397515528 0.3177842565597668 0.03975155279503106 0.04664723032069971
4 0.38571428571428573 0.575801749271137 0.03354037267080745 0.06997084548104957
4 0.3832298136645963 0.8206997084548106 0.040993788819875775 0.05539358600583091
5 0.46024844720496894 0.0663265306122449 0.043478260869565216 0.04227405247813411
16 0.6285714285714286 0.33090379008746357 0.0422360248447205 0.043731778425655975
16 0.6254658385093168 0.576530612244898 0.03850931677018633 0.04518950437317784
24 0.5260869565217391 0.5728862973760933 0.04596273291925466 0.04956268221574344
21 0.8434782608695652 0.06778425655976676 0.05962732919254658 0.04227405247813411
22 0.9571428571428572 0.07361516034985423 0.0484472049689441 0.033527696793002916
28 0.9627329192546584 0.11734693877551021 0.06956521739130435 0.05102040816326531
33 0.846583850931677 0.11224489795918367 0.04596273291925466 0.043731778425655975