8 0.02599758162031439 0.07415254237288135 0.04232164449818621 0.038135593220338986
7 0.02599758162031439 0.8043785310734464 0.044740024183796856 0.038135593220338986
25 0.026602176541717048 0.1617231638418079 0.053204353083434096 0.04096045197740113
25 0.024788391777509067 0.8834745762711864 0.044740024183796856 0.038135593220338986
21 0.44256348246674726 0.5607344632768362 0.053204353083434096 0.0423728813559322
21 0.08706166868198308 0.8029661016949152 0.06771463119709795 0.038135593220338986
27 0.1003627569528416 0.8495762711864406 0.05562273276904474 0.043785310734463276
40 0.20556227327690446 0.3488700564971751 0.02902055622732769 0.03672316384180791
32 0.24123337363966144 0.3495762711864407 0.03990326481257558 0.038135593220338986
0 0.05380894800483676 0.5120056497175142 0.032648125755743655 0.05508474576271186
0 0.20193470374848851 0.5190677966101694 0.036275695284159616 0.05790960451977401
0 0.33373639661426846 0.5169491525423728 0.053204353083434096 0.0423728813559322
15 0.18198307134220074 0.2055084745762712 0.08101571946795647 0.04943502824858757
15 0.33978234582829503 0.211864406779661 0.08222490931076179 0.03954802259887006
15 0.5108827085852479 0.20903954802259886 0.08343409915356712 0.04519774011299435
15 0.6928657799274486 0.20127118644067796 0.07013301088270858 0.043785310734463276
15 0.8222490931076178 0.0635593220338983 0.05078597339782346 0.06779661016949153
15 0.8295042321644498 0.2563559322033898 0.045949214026602174 0.07203389830508475
15 0.8282950423216445 0.4625706214689266 0.03869407496977025 0.0748587570621469
15 0.8222490931076178 0.655367231638418 0.04836759371221282 0.08192090395480225
15 0.8252720677146312 0.847457627118644 0.030229746070133012 0.06779661016949153
15 0.686819830713422 0.9357344632768362 0.0773881499395405 0.05508474576271186
15 0.5199516324062878 0.9336158192090396 0.07255139056831923 0.062146892655367235
15 0.34885126964933494 0.934322033898305 0.07134220072551391 0.043785310734463276
15 0.17049576783555018 0.9378531073446328 0.06287787182587666 0.05367231638418079
17 0.9546553808948005 0.827683615819209 0.032648125755743655 0.059322033898305086
34 0.437726723095526 0.6038135593220338 0.03869407496977025 0.04943502824858757