0 0.45698254364089774 0.04407514450867052 0.03366583541147132 0.024566473988439308
0 0.6016209476309227 0.0476878612716763 0.04114713216957606 0.03757225433526012
0 0.7543640897755611 0.049132947976878616 0.02743142144638404 0.04046242774566474
0 0.9027431421446384 0.05346820809248555 0.034912718204488775 0.046242774566473986
0 0.17331670822942644 0.21965317919075145 0.02743142144638404 0.031791907514450865
0 0.17581047381546136 0.3880057803468208 0.04239401496259352 0.024566473988439308
0 0.16708229426433915 0.5520231213872833 0.0399002493765586 0.03468208092485549
0 0.4937655860349127 0.2861271676300578 0.03740648379052369 0.04046242774566474
0 0.6433915211970075 0.2904624277456647 0.034912718204488775 0.046242774566473986
0 0.7955112219451371 0.29335260115606937 0.032418952618453865 0.046242774566473986
0 0.9389027431421446 0.29985549132947975 0.034912718204488775 0.05346820809248555
0 0.4476309226932668 0.5339595375722543 0.03740648379052369 0.04190751445086705
0 0.600997506234414 0.5317919075144508 0.03740648379052369 0.04046242774566474
0 0.7394014962593516 0.5361271676300579 0.0399002493765586 0.03468208092485549
0 0.19763092269326682 0.7174855491329479 0.026184538653366583 0.024566473988439308
0 0.17331670822942644 0.7290462427745664 0.032418952618453865 0.02167630057803468
0 0.19763092269326682 0.8923410404624278 0.026184538653366583 0.030346820809248554
0 0.16957605985037408 0.8995664739884393 0.029925187032418952 0.030346820809248554
0 0.45760598503740646 0.7904624277456648 0.034912718204488775 0.03757225433526012
0 0.6053615960099751 0.791907514450867 0.028678304239401497 0.04335260115606936
0 0.7556109725685786 0.7882947976878613 0.02743142144638404 0.04190751445086705
0 0.9027431421446384 0.7904624277456648 0.029925187032418952 0.04046242774566474
1 0.78428927680798 0.09465317919075145 0.059850374064837904 0.036127167630057806
1 0.7793017456359103 0.5845375722543352 0.057356608478802994 0.044797687861271675
1 0.786783042394015 0.8395953757225434 0.04738154613466334 0.04335260115606936
3 0.31296758104738154 0.09104046242774566 0.03740648379052369 0.046242774566473986
3 0.31359102244389025 0.3338150289017341 0.04114713216957606 0.049132947976878616
3 0.3160847880299252 0.5888728323699421 0.04114713216957606 0.05057803468208093
3 0.314214463840399 0.8309248554913294 0.03740648379052369 0.057803468208092484
4 0.39027431421446385 0.09393063583815028 0.04488778054862843 0.04046242774566474
4 0.3871571072319202 0.33959537572254334 0.03615960099750624 0.046242774566473986
4 0.3877805486284289 0.5888728323699421 0.034912718204488775 0.05057803468208093
4 0.38341645885286785 0.8453757225433526 0.03865336658354115 0.05202312138728324
5 0.4600997506234414 0.5859826589595376 0.04239401496259352 0.03901734104046243
16 0.6315461346633416 0.10043352601156069 0.03366583541147132 0.0476878612716763
16 0.628428927680798 0.33815028901734107 0.03740648379052369 0.04046242774566474
16 0.6296758104738155 0.5874277456647399 0.04488778054862843 0.0476878612716763
16 0.6296758104738155 0.8424855491329479 0.04239401496259352 0.046242774566473986
23 0.7007481296758105 0.0968208092485549 0.04488778054862843 0.046242774566473986
23 0.7019950124688279 0.8424855491329479 0.05486284289276808 0.04335260115606936
21 0.9214463840399002 0.09826589595375723 0.04239401496259352 0.03468208092485549
21 0.8491271820448878 0.5809248554913294 0.06234413965087282 0.04335260115606936
21 0.9251870324189526 0.8432080924855492 0.05236907730673317 0.030346820809248554
24 0.523067331670823 0.09609826589595376 0.046134663341645885 0.05346820809248555
24 0.5249376558603491 0.5859826589595376 0.04239401496259352 0.04190751445086705
24 0.5224438902743143 0.838150289017341 0.04987531172069826 0.05491329479768786
33 0.8497506234413965 0.6242774566473989 0.03865336658354115 0.04335260115606936