0 0.5002103960396039 0.07977777777777778 0.02887376237623762 0.04558974358974359
0 0.6435643564356436 0.07692307692307693 0.026819306930693072 0.05413675213675214
0 0.7900123762376238 0.08405128205128205 0.03300742574257426 0.06268376068376069
0 0.9349257425742574 0.07764102564102564 0.036101485148514856 0.0641025641025641
0 0.20111386138613863 0.042735042735042736 0.026819306930693072 0.03133333333333333
0 0.17790841584158415 0.057692307692307696 0.02372524752475248 0.02705982905982906
0 0.20111386138613863 0.24073504273504276 0.024752475247524754 0.037042735042735045
0 0.17842821782178217 0.25854700854700857 0.02887376237623762 0.029914529914529916
2 0.29136138613861384 0.25141880341880346 0.036101485148514856 0.04131623931623932
3 0.31404702970297027 0.14174358974358975 0.05053217821782178 0.04986324786324787
4 0.38675742574257427 0.1388888888888889 0.04743811881188119 0.05555555555555555