0 0.46568210262828535 0.04310344827586207 0.038585732165206506 0.04788793103448276
0 0.6111764705882353 0.041910919540229886 0.03545682102628285 0.035919540229885055
0 0.7629286608260326 0.038908045977011495 0.028160200250312892 0.041910919540229886
0 0.9073842302878599 0.04489942528735632 0.029198998748435543 0.041910919540229886
0 0.4974968710888611 0.2879597701149425 0.03754693366708386 0.03711206896551724
0 0.6476846057571964 0.28854885057471263 0.03963704630788486 0.028735632183908046
0 0.7942177722152691 0.2891522988505747 0.028160200250312892 0.04429597701149425
0 0.9407634543178973 0.2903448275862069 0.03128911138923655 0.04669540229885057
0 0.49645807259073843 0.5363936781609195 0.03128911138923655 0.038318965517241385
0 0.6461201501877347 0.5322126436781609 0.030250312891113896 0.04429597701149425
0 0.17365456821026282 0.0802155172413793 0.030250312891113896 0.031135057471264372
0 0.1955569461827284 0.11135057471264367 0.040675844806007506 0.028735632183908046
0 0.17105131414267832 0.24844827586206894 0.03545682102628285 0.029928160919540227
0 0.19868585732165206 0.2765804597701149 0.032327909887359195 0.028735632183908046
0 0.17418022528160199 0.42205459770114945 0.03128911138923655 0.027543103448275864
0 0.19503128911138926 0.4501867816091954 0.03754693366708386 0.026336206896551723
0 0.17312891113892367 0.5860919540229885 0.03337922403003755 0.03472701149425288
0 0.19972465581977472 0.6214080459770115 0.0344180225281602 0.035919540229885055
0 0.1746933667083855 0.7590948275862069 0.038585732165206506 0.035919540229885055
0 0.1965957446808511 0.7896264367816093 0.030250312891113896 0.029928160919540227
0 0.17105131414267832 0.9285201149425287 0.03128911138923655 0.029928160919540227
0 0.19712140175219023 0.9608477011494253 0.03337922403003755 0.022744252873563218
2 0.29411764705882354 0.9261206896551725 0.04589486858573217 0.027543103448275864
1 0.7895244055068836 0.09219827586206897 0.05006257822277847 0.04310344827586207
1 0.7884856070087609 0.5812931034482759 0.05006257822277847 0.041910919540229886
3 0.31967459324155195 0.09339080459770115 0.0365081351689612 0.045502873563218395
3 0.3170588235294118 0.3358477011494253 0.04171464330413016 0.041910919540229886
3 0.3170588235294118 0.5842959770114943 0.03963704630788486 0.04070402298850574
3 0.3170588235294118 0.8273419540229886 0.03545682102628285 0.04070402298850574
4 0.3926783479349186 0.08979885057471264 0.042765957446808514 0.04788793103448276
4 0.3911138923654568 0.340632183908046 0.03545682102628285 0.05147988505747126
4 0.391639549436796 0.5825 0.038585732165206506 0.05147988505747126
4 0.391639549436796 0.8333333333333334 0.042765957446808514 0.04788793103448276
5 0.4641176470588235 0.33883620689655175 0.03545682102628285 0.035919540229885055
16 0.6362077596996245 0.09219827586206897 0.03963704630788486 0.04070402298850574
16 0.6351689612015019 0.34242816091954026 0.03963704630788486 0.04788793103448276
16 0.6351689612015019 0.5836925287356322 0.03963704630788486 0.04669540229885057
16 0.635694618272841 0.8315373563218391 0.038585732165206506 0.041910919540229886
23 0.7102628285356696 0.09458333333333332 0.05006257822277847 0.04310344827586207
24 0.5293116395494368 0.09159482758620689 0.049023779724655825 0.04669540229885057
24 0.527747183979975 0.5848850574712643 0.04589486858573217 0.04429597701149425
21 0.925118898623279 0.09159482758620689 0.04380475594493116 0.029928160919540227
21 0.8489737171464331 0.33524425287356324 0.0646683354192741 0.04070402298850574
33 0.851063829787234 0.37895114942528735 0.05006257822277847 0.032327586206896554