0 0.05542312276519666 0.03744798890429958 0.027413587604290822 0.038834951456310676
0 0.20023837902264602 0.03744798890429958 0.033373063170441 0.044382801664355064
0 0.3367103694874851 0.031206657420249653 0.03456495828367104 0.059639389736477116
21 0.43861740166865315 0.08044382801664356 0.052443384982121574 0.033287101248266296
21 0.08462455303933254 0.32038834951456313 0.04767580452920143 0.036061026352288486
34 0.4374255065554231 0.12482662968099861 0.026221692491060787 0.04160887656033287
40 0.20381406436233612 0.3522884882108183 0.03098927294398093 0.033287101248266296
32 0.2395709177592372 0.3502080443828017 0.033373063170441 0.03467406380027739
7 0.02443384982121573 0.3183079056865465 0.04886769964243146 0.04576976421636616
27 0.09892729439809297 0.36130374479889044 0.06436233611442194 0.04854368932038835
25 0.025029797377830752 0.4042995839112344 0.050059594755661505 0.0319001386962552
17 0.9410011918951132 0.8162274618585298 0.03218116805721097 0.04576976421636616
15 0.18414779499404052 0.44798890429958393 0.06793802145411204 0.044382801664355064
15 0.3396901072705602 0.44382801664355065 0.07628128724672228 0.044382801664355064
15 0.5035756853396901 0.4472954230235784 0.06555423122765197 0.04854368932038835
15 0.6752085816448152 0.44105409153952846 0.06793802145411204 0.05547850208044383
15 0.8152562574493445 0.13730929264909847 0.04529201430274136 0.07489597780859916
15 0.8146603098927294 0.33217753120665744 0.05125148986889154 0.08737864077669903
15 0.8152562574493445 0.5312066574202496 0.050059594755661505 0.06657420249653259
15 0.8116805721096544 0.7246879334257975 0.04767580452920143 0.07350901525658807
15 0.8134684147794994 0.9133148404993066 0.03694874851013111 0.06796116504854369